-0.0027883106,0.72663015,9.779693,1601283196871
-0.002752866,0.72605973,9.779736,1601283196879
-9.0569764E-4,0.724784,9.77983,1601283196885
0.0027189679,0.722812,9.779976,1601283196887
0.007435065,0.7194519,9.780221,1601283196889
0.012608154,0.7153252,9.780519,1601283196903
0.017792834,0.7106522,9.78085,1601283196907
0.022059286,0.70568216,9.781201,1601283196910
0.024877444,0.699855,9.781613,1601283196912
0.025787683,0.694027,9.782026,1601283196914
0.024758205,0.6879177,9.782461,1601283196923
0.021252142,0.68183374,9.782896,1601283196925
0.016164575,0.67567146,9.783333,1601283196927
0.009572797,0.6692398,9.783783,1601283196935
0.002244823,0.6629272,9.784217,1601283196938
-0.0057793646,0.6567863,9.784631,1601283196942
-0.013822184,0.6510888,9.785003,1601283196951
-0.02163926,0.6462072,9.785313,1601283196952
-0.028828558,0.6424142,9.785543,1601283196958
-0.035156794,0.6403758,9.785657,1601283196963
-0.04009504,0.63957,9.78569,1601283196972
-0.043505505,0.63995486,9.785651,1601283196975
-0.04507408,0.64138484,9.78555,1601283196978
-0.044872757,0.6433472,9.785422,1601283196987
-0.043259155,0.64579415,9.785268,1601283196988
-0.04022579,0.6483017,9.785115,1601283196992
-0.035997152,0.6507071,9.784972,1601283197003
-0.031149367,0.65292555,9.784841,1601283197005
-0.026213972,0.6546392,9.7847395,1601283197008
-0.021614581,0.6559345,9.784665,1601283197018
-0.017687455,0.6565597,9.784632,1601283197023
-0.014841786,0.6565445,9.7846365,1601283197025
-0.012923399,0.65586895,9.784685,1601283197030
-0.012068096,0.65481114,9.784757,1601283197032
-0.012210723,0.6536223,9.784836,1601283197045
-0.01315116,0.6520443,9.784941,1601283197048
-0.0144769605,0.65061307,9.785033,1601283197049
-0.016058547,0.6491779,9.785126,1601283197061
-0.017703202,0.6479524,9.785205,1601283197065
-0.019180696,0.6471438,9.785255,1601283197067
-0.020572972,0.6466502,9.785286,1601283197069
-0.021686405,0.64642006,9.785298,1601283197080
-0.022466348,0.64646333,9.785294,1601283197083
-0.022636268,0.646875,9.785266,1601283197085
-0.022302076,0.6476905,9.785213,1601283197087
-0.021498889,0.648793,9.785141,1601283197095
-0.020148557,0.6501175,9.785057,1601283197100
-0.018345233,0.6513951,9.784974,1601283197102
-0.016191777,0.6525027,9.784905,1601283197109
-0.013630564,0.65315205,9.784865,1601283197114
-0.010983272,0.6531268,9.78487,1601283197119
-0.00823576,0.6527679,9.784897,1601283197124
-0.0059443205,0.65185595,9.78496,1601283197130
-0.00434167,0.6502528,9.785067,1601283197135
-0.0036178334,0.6481225,9.785209,1601283197137
-0.0036202152,0.64535344,9.785391,1601283197144
-0.004383461,0.64219385,9.7856,1601283197150
-0.0058774753,0.6387109,9.785826,1601283197158
-0.0075604557,0.6351386,9.786057,1601283197160
-0.009292666,0.6314353,9.786296,1601283197166
-0.010656033,0.62763524,9.786538,1601283197170
-0.011606713,0.62382674,9.786781,1601283197175
-0.012115175,0.62023246,9.78701,1601283197183
-0.012209366,0.61671996,9.787231,1601283197185
-0.011889839,0.61354345,9.787431,1601283197190
-0.011472202,0.610782,9.787604,1601283197202
-0.011159481,0.6085303,9.7877445,1601283197204
-0.011060546,0.60698247,9.787841,1601283197206
-0.011226572,0.6061829,9.78789,1601283197208
-0.011610826,0.6062647,9.787886,1601283197217
-0.012058138,0.60730594,9.78782,1601283197219
-0.0125184655,0.60904956,9.787712,1601283197223
-0.012835495,0.61131966,9.78757,1601283197230
-0.01296427,0.6137194,9.787419,1601283197234
-0.013072945,0.61601776,9.787274,1601283197239
-0.013238485,0.6177284,9.787166,1601283197244
-0.013532717,0.6186964,9.787105,1601283197256
-0.014108907,0.61882913,9.787096,1601283197258
-0.015084649,0.6179725,9.7871475,1601283197263
-0.016377525,0.6162429,9.787256,1601283197265
-0.01804413,0.61381406,9.787404,1601283197274
-0.020024,0.6109678,9.787579,1601283197276
-0.022206306,0.6077775,9.787773,1601283197278
-0.024199896,0.6045741,9.787968,1601283197285
-0.025808044,0.60154593,9.788149,1601283197288
-0.026743924,0.5990851,9.788299,1601283197296
-0.027209828,0.59732497,9.7884035,1601283197299
-0.02718664,0.59628415,9.788467,1601283197303
-0.026662474,0.5959623,9.788488,1601283197311
-0.025686536,0.59639925,9.7884655,1601283197314
-0.024270326,0.59760994,9.788394,1601283197318
-0.0224949,0.59974307,9.788268,1601283197323
-0.02072282,0.60264194,9.788094,1601283197331
-0.01897213,0.6060338,9.787888,1601283197335
-0.017602133,0.60965514,9.787665,1601283197339
-0.016692212,0.6132642,9.787442,1601283197346
-0.016209474,0.61661756,9.787231,1601283197351
-0.016113745,0.61947644,9.787051,1601283197355
-0.016439369,0.6219529,9.786894,1601283197366
-0.017089015,0.6237792,9.786776,1601283197370
-0.018223062,0.62498647,9.786698,1601283197373
-0.019643841,0.6254161,9.786667,1601283197375
-0.021192977,0.625134,9.786682,1601283197380
-0.02265173,0.6241402,9.786742,1601283197385
-0.023839917,0.6225986,9.786838,1601283197389
-0.024733169,0.62043965,9.786973,1601283197394
-0.025453962,0.6178817,9.787132,1601283197398
-0.025966778,0.61513495,9.787304,1601283197405
-0.026319727,0.6124312,9.787474,1601283197411
-0.02644259,0.6098543,9.787633,1601283197415
-0.026428413,0.6073371,9.787789,1601283197418
-0.026276436,0.6047372,9.787951,1601283197423
-0.026071725,0.6020785,9.788116,1601283197430
-0.025853047,0.5994225,9.78828,1601283197434
-0.02560282,0.59680563,9.788439,1601283197439
-0.025410486,0.59440696,9.788587,1601283197444
-0.025189891,0.5923899,9.78871,1601283197452
-0.025060458,0.59078676,9.788806,1601283197456
-0.025170613,0.58974046,9.788869,1601283197462
-0.025679333,0.58932227,9.788894,1601283197465
-0.026567278,0.5894585,9.788882,1601283197469
-0.027543694,0.5902091,9.788835,1601283197473
-0.028451238,0.59141594,9.788759,1601283197484
-0.029085506,0.5932147,9.788648,1601283197486
-0.029517427,0.5953679,9.788517,1601283197491
-0.029890588,0.5978403,9.788365,1601283197496
-0.03021972,0.6003807,9.788208,1601283197505
-0.030448325,0.602754,9.788061,1601283197507
-0.030628256,0.605008,9.787922,1601283197509
-0.0307066,0.60691977,9.787804,1601283197516
-0.030653898,0.60829103,9.787719,1601283197519
-0.030539894,0.60910475,9.787668,1601283197528
-0.03036682,0.6093305,9.787654,1601283197531
-0.03012616,0.6090413,9.787674,1601283197534
-0.029981334,0.6082898,9.787721,1601283197539
-0.03001691,0.60708356,9.787795,1601283197549
-0.030350542,0.60549563,9.787892,1601283197553
-0.030925715,0.60357344,9.78801,1601283197557
-0.031506278,0.6015096,9.788135,1601283197561
-0.03209736,0.59944946,9.788259,1601283197568
-0.03251883,0.59745747,9.788381,1601283197570
-0.032830417,0.5956883,9.7884865,1601283197575
-0.033055298,0.5942402,9.788574,1601283197583
-0.033092547,0.59316266,9.788639,1601283197586
-0.03292372,0.592358,9.788688,1601283197590
-0.032444194,0.5918279,9.788722,1601283197600
-0.031873804,0.59144795,9.788746,1601283197601
-0.031426862,0.59122854,9.788761,1601283197607
-0.031125294,0.591249,9.78876,1601283197609
-0.031041607,0.59133536,9.788755,1601283197618
-0.030963873,0.59158325,9.788741,1601283197620
-0.03073635,0.5918883,9.788724,1601283197627
-0.03033915,0.59219235,9.788707,1601283197631
-0.030064132,0.59249234,9.78869,1601283197634
-0.029923052,0.5928215,9.788671,1601283197639
-0.029838847,0.59311056,9.788652,1601283197644
-0.029806107,0.59328496,9.788642,1601283197648
-0.02940685,0.5933268,9.788641,1601283197654
-0.028527077,0.5932278,9.78865,1601283197661
-0.027212061,0.59301156,9.788667,1601283197666
-0.0254722,0.5927968,9.788684,1601283197669
-0.023578526,0.5923431,9.788715,1601283197678
-0.021792116,0.5914529,9.788774,1601283197680
-0.020256588,0.5899461,9.788868,1601283197685
-0.019148197,0.58764756,9.789008,1601283197689
-0.018504655,0.584499,9.789198,1601283197696
-0.01839089,0.580553,9.7894335,1601283197700
-0.01877095,0.57602054,9.7897005,1601283197706
-0.019584348,0.57116425,9.789984,1601283197710
-0.02067185,0.5661957,9.79027,1601283197720
-0.021893203,0.56147516,9.79054,1601283197721
-0.023153473,0.5572708,9.790776,1601283197728
-0.024162713,0.553776,9.790972,1601283197731
-0.02470296,0.5511766,9.791117,1601283197735
-0.024888681,0.5496876,9.791201,1601283197740
-0.024541844,0.5492265,9.791226,1601283197748
-0.023833409,0.5496485,9.791205,1601283197750
-0.022861816,0.5508774,9.791139,1601283197755
-0.021684188,0.55268675,9.791039,1601283197762
-0.020326622,0.5547856,9.790923,1601283197765
-0.018725978,0.55695444,9.790804,1601283197770
-0.017137265,0.55889416,9.790696,1601283197781
-0.015725356,0.5604031,9.790612,1601283197782
-0.014539539,0.5613211,9.790562,1601283197787
-0.013840189,0.5616137,9.790545,1601283197790
-0.0136044,0.56130713,9.790564,1601283197796
-0.013572429,0.5604136,9.790615,1601283197799
-0.013814219,0.55898744,9.790696,1601283197806
-0.014119361,0.5572638,9.790794,1601283197812
-0.014450421,0.55531424,9.790903,1601283197815
-0.01460328,0.55362904,9.790999,1601283197821
-0.0145544205,0.5523365,9.791073,1601283197827
-0.014431064,0.55164695,9.791112,1601283197830
-0.014261908,0.551605,9.791114,1601283197836
-0.014084328,0.5524839,9.791064,1601283197843
-0.013840105,0.55430305,9.790961,1601283197845
-0.013472148,0.55706745,9.790806,1601283197854
-0.012760197,0.5607568,9.790597,1601283197856
-0.011501062,0.5651173,9.790347,1601283197862
-0.009669718,0.5700412,9.790064,1601283197866
-0.0074539315,0.575166,9.789766,1601283197870
-0.005021794,0.58038265,9.78946,1601283197877
-0.002678415,0.58547086,9.789158,1601283197881
-6.130717E-4,0.59013784,9.7888775,1601283197887
0.0013536213,0.59426993,9.788627,1601283197890
0.0031604553,0.5977627,9.788414,1601283197902
0.00473462,0.6005472,9.788244,1601283197904
0.0059308796,0.6026122,9.788116,1601283197905
0.006834739,0.6041513,9.78802,1601283197912
0.0074725174,0.6052759,9.78795,1601283197915
0.00818525,0.6061392,9.787896,1601283197921
0.008955305,0.60660404,9.787867,1601283197926
0.00985726,0.6068153,9.787853,1601283197931
0.010864404,0.60670567,9.787859,1601283197936
0.011877005,0.6063043,9.787883,1601283197940
0.012699595,0.60565305,9.787921,1601283197946
0.013160347,0.60478634,9.787975,1601283197950
0.013295538,0.6038819,9.78803,1601283197956
0.0131064225,0.60306966,9.78808,1601283197961
0.01256107,0.6025922,9.78811,1601283197964
0.011600991,0.6024177,9.788123,1601283197970
0.010345578,0.6026144,9.788113,1601283197977
0.009085647,0.6031226,9.788082,1601283197980
0.0077907187,0.6039935,9.788029,1601283197985
0.006705554,0.6052058,9.787955,1601283197993
0.0059377206,0.60657156,9.78787,1601283197998
0.0055613,0.6079877,9.787784,1601283198003
0.0055366885,0.6092126,9.787708,1601283198010
0.005886144,0.61014736,9.787648,1601283198013
0.006652895,0.6105602,9.787622,1601283198016
0.0076349895,0.61034435,9.787636,1601283198021
0.008555689,0.6094579,9.78769,1601283198032
0.009385039,0.60792035,9.787786,1601283198036
0.010330237,0.6058756,9.78791,1601283198042
0.011355539,0.6035756,9.788052,1601283198043
0.01261077,0.6011172,9.788201,1601283198046
0.013909794,0.5987326,9.788345,1601283198053
0.015106145,0.5965478,9.788477,1601283198062
0.016061012,0.5945823,9.788595,1601283198064
0.016709238,0.59303975,9.788688,1601283198065
0.01709453,0.5918227,9.788761,1601283198072
0.017326916,0.59126085,9.7887945,1601283198083
0.01741072,0.5914662,9.788781,1601283198086
0.01727379,0.59249705,9.788719,1601283198087
0.017199785,0.5943935,9.788606,1601283198092
0.017262913,0.5968996,9.788452,1601283198096
0.017621594,0.59992826,9.788267,1601283198102
0.01832677,0.60320544,9.788064,1601283198108
0.019518904,0.6064899,9.787858,1601283198112
0.020967111,0.6095387,9.787666,1601283198116
0.022571068,0.61228615,9.787492,1601283198121
0.024186367,0.61482984,9.787329,1601283198126
0.025727622,0.61682445,9.787199,1601283198130
0.027160898,0.6181376,9.787112,1601283198135
0.028316054,0.6188022,9.787066,1601283198143
0.029204305,0.6187811,9.7870655,1601283198147
0.029817194,0.6181312,9.787105,1601283198150
0.030168809,0.6169499,9.787178,1601283198161
0.030427618,0.6152613,9.787284,1601283198163
0.030586816,0.6130769,9.787419,1601283198165
0.030766433,0.61056596,9.787576,1601283198174
0.031045178,0.6079495,9.787738,1601283198178
0.031467333,0.605274,9.787903,1601283198186
0.031798933,0.6027361,9.788058,1601283198189
0.031890985,0.60044026,9.788199,1601283198192
0.03168286,0.5982835,9.788333,1601283198198
0.03126714,0.59622884,9.788459,1601283198201
0.030767344,0.59425575,9.78858,1601283198206
0.030220246,0.5924041,9.788694,1601283198210
0.029647999,0.5908232,9.788791,1601283198215
0.029089224,0.58967656,9.788862,1601283198220
0.028519435,0.5890124,9.788904,1601283198227
0.02802893,0.58878934,9.7889185,1601283198232
0.027470673,0.58897436,9.788909,1601283198235
0.026937392,0.5895975,9.788873,1601283198241
0.026674168,0.5905924,9.788815,1601283198246
0.026817618,0.59182966,9.788738,1601283198250
0.027337424,0.5931987,9.788654,1601283198263
0.028382903,0.59445804,9.788575,1601283198266
0.029618695,0.5952465,9.788524,1601283198268
0.03081628,0.5955798,9.788499,1601283198276
0.03186379,0.5952276,9.788518,1601283198278
0.0326011,0.59410846,9.788583,1601283198282
0.03301275,0.59247494,9.788681,1601283198287
0.033026114,0.5904836,9.788801,1601283198292
0.032838527,0.5882556,9.788936,1601283198296
0.032525986,0.5859889,9.789073,1601283198303
0.032262176,0.58396465,9.789194,1601283198309
0.032138057,0.58231986,9.789293,1601283198313
0.032200772,0.58123106,9.789357,1601283198318
0.032484382,0.5806673,9.789391,1601283198324
0.033069406,0.5806955,9.789386,1601283198328
0.033837408,0.5814252,9.789341,1601283198332
0.03482377,0.58265054,9.789265,1601283198338
0.03592248,0.5842996,9.789162,1601283198346
0.03716807,0.5861332,9.789048,1601283198348
0.038451057,0.5878683,9.788939,1601283198353
0.039730746,0.58953404,9.788833,1601283198361
0.041077368,0.5910815,9.788734,1601283198362
0.042481113,0.5925013,9.788642,1601283198368
0.044001896,0.5939761,9.788547,1601283198375
0.045718454,0.5956437,9.788437,1601283198377
0.047670733,0.5973512,9.788324,1601283198383
0.049812175,0.5992273,9.788198,1601283198388
0.052240174,0.60113364,9.788069,1601283198394
0.054743532,0.6029348,9.787944,1601283198397
0.05733131,0.6045093,9.787833,1601283198404
0.059739467,0.60578287,9.787739,1601283198412
0.06176883,0.6067469,9.787667,1601283198415
0.06334243,0.6074715,9.787613,1601283198418
0.06418093,0.6078575,9.787582,1601283198425
0.06449279,0.60821766,9.787558,1601283198434
0.06428564,0.60855305,9.787539,1601283198438
0.063858345,0.60898167,9.787515,1601283198442
0.063486286,0.6093558,9.787495,1601283198443
0.063219294,0.6099544,9.787458,1601283198450
0.06318587,0.6106885,9.787413,1601283198454
0.06320196,0.61162996,9.787354,1601283198460
0.06329064,0.6127438,9.787284,1601283198461
0.06349416,0.61410934,9.787198,1601283198468
0.063838504,0.6155754,9.787103,1601283198474
0.06459072,0.6171391,9.787,1601283198479
0.06556509,0.61863005,9.786899,1601283198481
0.066588774,0.620006,9.786805,1601283198487
0.06769315,0.62121886,9.78672,1601283198492
0.068565495,0.62218755,9.786653,1601283198498
0.069193676,0.62295187,9.7866,1601283198501
0.0695211,0.62346816,9.786565,1601283198510
0.06950902,0.62385964,9.78654,1601283198514
0.069297835,0.6240198,9.7865305,1601283198518
0.06895408,0.6240756,9.78653,1601283198524
0.06868013,0.6240171,9.786534,1601283198527
0.06853846,0.62380296,9.7865505,1601283198531
0.068717934,0.62337655,9.786576,1601283198540
0.069329195,0.6224567,9.786631,1601283198543
0.07028751,0.6207928,9.78673,1601283198547
0.07135799,0.6181927,9.786886,1601283198552
0.07224131,0.6147344,9.787097,1601283198557
0.07280151,0.61054575,9.787355,1601283198566
0.07269066,0.605763,9.787653,1601283198570
0.07189168,0.60064214,9.787974,1601283198579
0.07042177,0.59548706,9.7883005,1601283198582
0.068437524,0.59043956,9.78862,1601283198584
0.06602029,0.5858685,9.788911,1601283198590
0.06340405,0.58206457,9.789155,1601283198592
0.06098974,0.57908386,9.789348,1601283198597
0.058958497,0.57710516,9.789476,1601283198601
0.05749187,0.5761209,9.789544,1601283198610
0.056504942,0.57606834,9.789553,1601283198611
0.055829085,0.5769242,9.789505,1601283198617
0.055467963,0.5785285,9.7894125,1601283198624
0.05520221,0.58054596,9.789295,1601283198627
0.0548381,0.5828352,9.789163,1601283198634
0.054263923,0.58514047,9.789028,1601283198641
0.05336765,0.5872033,9.788909,1601283198646
0.052207988,0.5887291,9.788823,1601283198649
0.050950337,0.5898466,9.788763,1601283198653
0.04980697,0.59041214,9.788734,1601283198659
0.048921447,0.5905232,9.788733,1601283198662
0.048367172,0.5902733,9.78875,1601283198668
0.048026897,0.58969146,9.788787,1601283198674
0.047798418,0.58893925,9.788833,1601283198686
0.047607496,0.58784175,9.788899,1601283198689
0.047402687,0.58642,9.788986,1601283198692
0.04727638,0.5848658,9.78908,1601283198695
0.047119375,0.58325213,9.789177,1601283198697
0.0470462,0.58171755,9.7892685,1601283198705
0.046989657,0.5804492,9.789345,1601283198715
0.046896487,0.5795021,9.789401,1601283198722
0.04672805,0.5788863,9.789437,1601283198724
0.046593796,0.578591,9.789456,1601283198727
0.046564065,0.5784916,9.789462,1601283198728
0.04669682,0.57854486,9.789458,1601283198733
0.047024112,0.5789253,9.7894335,1601283198739
0.047367472,0.579561,9.789395,1601283198742
0.04753021,0.5804599,9.78934,1601283198749
0.047469445,0.5815571,9.789275,1601283198754
0.04718257,0.58281267,9.789203,1601283198759
0.04675326,0.58439523,9.78911,1601283198763
0.046471216,0.5862478,9.789001,1601283198769
0.046705883,0.588531,9.788863,1601283198777
0.0474238,0.5912818,9.788694,1601283198778
0.048705034,0.5944421,9.788496,1601283198783
0.05046013,0.5977063,9.788288,1601283198787
0.052574433,0.6008889,9.788082,1601283198791
0.054918665,0.6038188,9.7878895,1601283198797
0.05736698,0.6062494,9.7877245,1601283198804
0.059730727,0.6080786,9.787597,1601283198809
0.061737712,0.6094087,9.787502,1601283198812
0.06339594,0.61024266,9.787439,1601283198817
0.0648453,0.6106143,9.787407,1601283198824
0.06610201,0.6107347,9.787391,1601283198827
0.06725831,0.6106115,9.787391,1601283198834
0.0683323,0.6102315,9.787407,1601283198838
0.06944453,0.6095134,9.787444,1601283198848
0.07055258,0.6085759,9.787495,1601283198850
0.0716837,0.60737985,9.787561,1601283198853
0.07264768,0.60609347,9.787634,1601283198860
0.07335082,0.6048603,9.787704,1601283198863
0.0737937,0.6039607,9.787757,1601283198867
0.07397127,0.6034786,9.787785,1601283198874
0.07408213,0.60349995,9.787783,1601283198878
0.074023955,0.6040404,9.78775,1601283198883
0.07389289,0.60510033,9.787685,1601283198890
0.073867455,0.60659134,9.787593,1601283198893
0.07406938,0.6085902,9.787467,1601283198898
0.07453445,0.6107409,9.787331,1601283198909
0.07530835,0.6130202,9.787182,1601283198912
0.076329604,0.61512387,9.787041,1601283198914
0.077562526,0.6169261,9.786919,1601283198917
0.07905943,0.61813885,9.78683,1601283198924
0.08088854,0.61871094,9.786779,1601283198928
0.08282811,0.61854,9.786773,1601283198932
0.08449276,0.6175489,9.786821,1601283198938
0.08580122,0.6156978,9.786927,1601283198944
0.08651985,0.6129014,9.787096,1601283198948
0.08659436,0.60930735,9.78732,1601283198959
0.08611321,0.60495454,9.787595,1601283198961
0.085241474,0.6,9.787907,1601283198963
0.08424466,0.5949308,9.788224,1601283198969
0.083189346,0.58994335,9.788536,1601283198977
0.08227922,0.58523166,9.788827,1601283198980
0.0815444,0.58092874,9.789089,1601283198985
0.08118232,0.5773193,9.789305,1601283198996
0.08122925,0.57448596,9.789472,1601283198999
0.081769645,0.5724634,9.789586,1601283198999
0.08268106,0.5712256,9.78965,1601283199005
0.08392084,0.5706968,9.78967,1601283199008
0.08523559,0.57071906,9.789658,1601283199022
0.08648869,0.5711318,9.789622,1601283199024
0.08770126,0.5716942,9.789579,1601283199026
0.08855926,0.5723098,9.7895355,1601283199030
0.0890189,0.5727454,9.789506,1601283199040
0.08912565,0.57306415,9.789486,1601283199041
0.08889704,0.5731849,9.789481,1601283199044
0.08858344,0.5731992,9.789483,1601283199053
0.08832592,0.5732139,9.789485,1601283199056
0.08825138,0.57345927,9.789471,1601283199058
0.08839713,0.5738689,9.789446,1601283199064
0.08870261,0.57431823,9.789416,1601283199075
0.089068405,0.5747421,9.789388,1601283199079
0.08949084,0.5749811,9.789371,1601283199081
0.08998816,0.5750226,9.789364,1601283199084
0.09049542,0.57492775,9.789364,1601283199090
0.09095284,0.5746159,9.789379,1601283199094
0.09134703,0.57419896,9.789399,1601283199098
0.09171082,0.5737002,9.789425,1601283199104
0.09210752,0.5730408,9.789459,1601283199108
0.0925871,0.5723761,9.7894945,1601283199113
0.09314833,0.5717569,9.789525,1601283199121
0.093684845,0.571343,9.789545,1601283199126
0.09430078,0.571139,9.78955,1601283199128
0.09498701,0.57121664,9.789539,1601283199136
0.095796056,0.57149994,9.7895155,1601283199144
0.09670737,0.57216024,9.789468,1601283199146
0.0976843,0.57306296,9.789404,1601283199148
0.09871838,0.57409006,9.789334,1601283199155
0.099753134,0.5750633,9.789267,1601283199158
0.10088404,0.5759731,9.789201,1601283199167
0.10200776,0.57689685,9.789135,1601283199169
0.102808364,0.5775876,9.789087,1601283199174
0.10321876,0.5781244,9.789051,1601283199183
0.10330856,0.5784103,9.789032,1601283199187
0.10314047,0.5785085,9.789028,1601283199189
0.10284499,0.5785293,9.78903,1601283199201
0.10256399,0.5784262,9.78904,1601283199204
0.10232239,0.5781562,9.789058,1601283199207
0.102165364,0.57770383,9.789085,1601283199209
0.102223456,0.57700175,9.789126,1601283199221
0.10266997,0.57609147,9.789176,1601283199222
0.10350444,0.5751142,9.789225,1601283199226
0.10459758,0.5741908,9.789268,1601283199230
0.105882965,0.5734456,9.789297,1601283199234
0.107055515,0.57272375,9.789327,1601283199240
0.10824419,0.5722014,9.789344,1601283199243
0.10954499,0.5717652,9.789355,1601283199249
0.11093234,0.5714193,9.78936,1601283199254
0.11229023,0.5710769,9.789364,1601283199263
0.113657385,0.57065827,9.789373,1601283199265
0.115087956,0.5700813,9.78939,1601283199271
0.116595164,0.5694435,9.789409,1601283199273
0.11828667,0.5687525,9.789429,1601283199280
0.119986065,0.56787366,9.78946,1601283199291
0.12164678,0.5669216,9.789494,1601283199293
0.12318455,0.56582546,9.789538,1601283199295
0.124169655,0.5644911,9.789602,1601283199300
0.124455184,0.5630946,9.789679,1601283199306
0.12406312,0.5616882,9.789765,1601283199310
0.12325043,0.56039387,9.78985,1601283199315
0.12221109,0.55935967,9.789922,1601283199319
0.12117407,0.55870235,9.789972,1601283199323
0.12024769,0.55820316,9.790012,1601283199329
0.119544774,0.5578207,9.790043,1601283199334
0.119239055,0.5572185,9.79008,1601283199341
0.11928809,0.55629086,9.7901325,1601283199344
0.11974576,0.55494183,9.790204,1601283199350
0.12051411,0.5533187,9.790286,1601283199360
0.12125326,0.55131656,9.79039,1601283199363
0.12183071,0.5490257,9.790511,1601283199369
0.1223381,0.5466715,9.790637,1601283199371
0.12269306,0.5443602,9.790762,1601283199374
0.12296111,0.5422754,9.790874,1601283199381
0.1232641,0.54070216,9.7909565,1601283199385
0.12372591,0.5397527,9.791003,1601283199390
0.124279626,0.53957474,9.791006,1601283199396
0.124794744,0.5402151,9.790964,1601283199405
0.12538521,0.5415985,9.790881,1601283199407
0.12605529,0.54352695,9.790765,1601283199411
0.12680468,0.54604334,9.790615,1601283199417
0.12757918,0.54882544,9.79045,1601283199427
0.12832473,0.5517382,9.790277,1601283199429
0.12901944,0.5545354,9.790109,1601283199434
0.12940545,0.5570423,9.789961,1601283199437
0.12962975,0.55920255,9.789835,1601283199440
0.12956846,0.56080985,9.789745,1601283199449
0.12929557,0.5617033,9.789697,1601283199452
0.12882844,0.561889,9.789692,1601283199456
0.12829766,0.56145394,9.789723,1601283199459
0.12781937,0.5605433,9.789783,1601283199464
0.12737776,0.55926037,9.789861,1601283199470
0.12701204,0.5578176,9.789948,1601283199474
0.12663966,0.5561015,9.790051,1601283199479
0.12631078,0.5543402,9.790154,1601283199490
0.12613535,0.55240864,9.790267,1601283199492
0.1260049,0.5505788,9.790371,1601283199494
0.1258609,0.5488555,9.790469,1601283199504
0.12580405,0.547299,9.790559,1601283199506
0.1258112,0.5459434,9.790633,1601283199511
0.12591885,0.54483694,9.790693,1601283199516
0.12601075,0.5438414,9.790749,1601283199522
0.12601769,0.5429762,9.790796,1601283199526
0.12593526,0.5421972,9.79084,1601283199529
0.12567534,0.541589,9.790877,1601283199536
0.12520176,0.5411681,9.790907,1601283199540
0.12454058,0.5408646,9.790932,1601283199544
0.123830415,0.5409099,9.790938,1601283199556
0.123081036,0.54129064,9.790926,1601283199560
0.122512355,0.54224676,9.790881,1601283199561
0.12219961,0.5436612,9.790807,1601283199565
0.122244634,0.54544085,9.790707,1601283199576
0.122614324,0.5474994,9.790587,1601283199579
0.12343591,0.549707,9.790453,1601283199580
0.124857605,0.55184555,9.790315,1601283199590
0.12676801,0.55377597,9.790182,1601283199592
0.12905592,0.5552967,9.790065,1601283199597
0.1315809,0.5564113,9.789968,1601283199602
0.13408498,0.55704856,9.789898,1601283199604
0.13647027,0.5571915,9.789857,1601283199611
0.13852705,0.55671626,9.789855,1601283199615
0.14027987,0.5558283,9.789882,1601283199622
0.14181462,0.5545722,9.78993,1601283199625
0.1432144,0.5530273,9.789997,1601283199631
0.14444701,0.5512417,9.79008,1601283199638
0.14572513,0.54930073,9.79017,1601283199641
0.14706382,0.54733074,9.79026,1601283199645
0.14856915,0.545312,9.79035,1601283199656
0.15006094,0.5433727,9.790436,1601283199657
0.15160055,0.5415298,9.790514,1601283199660
0.1530022,0.5398733,9.790584,1601283199668
0.15410316,0.53837454,9.790648,1601283199671
0.15497129,0.5370004,9.7907095,1601283199675
0.15555808,0.53583264,9.790765,1601283199680
0.15612507,0.5350416,9.790798,1601283199689
0.15653355,0.5345457,9.79082,1601283199691
0.15676853,0.5343461,9.790827,1601283199695
0.1570965,0.5344265,9.790817,1601283199702
0.15739492,0.53477615,9.790793,1601283199705
0.15773618,0.5351392,9.790768,1601283199710
0.1581398,0.5355148,9.79074,1601283199718
0.15846623,0.53566265,9.790727,1601283199721
0.15859868,0.5354846,9.790735,1601283199725
0.15840086,0.53496385,9.790766,1601283199731
0.15781413,0.5340312,9.790827,1601283199736
0.15702254,0.5326218,9.790916,1601283199745
0.15619902,0.53078717,9.79103,1601283199749
0.15543476,0.52842575,9.79117,1601283199752
0.15489346,0.5257111,9.791324,1601283199756
0.15457961,0.5226902,9.791491,1601283199762
0.15435618,0.51958853,9.791658,1601283199766
0.15412621,0.5165715,9.7918215,1601283199771
0.15376966,0.5137591,9.791976,1601283199775
0.1532426,0.5111608,9.79212,1601283199781
0.15243296,0.5089184,9.792249,1601283199789
0.15135333,0.50705785,9.792363,1601283199791
0.15007934,0.5055637,9.79246,1601283199795
0.14874738,0.5043772,9.792542,1601283199802
0.14742357,0.50347465,9.792608,1601283199806
0.14595708,0.50274897,9.792667,1601283199810
0.14452906,0.5021673,9.792718,1601283199820
0.14327276,0.5017297,9.792759,1601283199824
0.14222276,0.5013858,9.792791,1601283199828
0.1414832,0.5011449,9.792814,1601283199832
0.1408996,0.5007871,9.792842,1601283199837
0.14031394,0.50042564,9.792869,1601283199842
0.13974465,0.49997076,9.7929,1601283199849
0.13918559,0.49943528,9.792934,1601283199852
0.138622,0.49865997,9.792983,1601283199856
0.13819519,0.4976481,9.79304,1601283199865
0.13784851,0.49654454,9.793101,1601283199867
0.13747391,0.49535644,9.793166,1601283199877
0.13700737,0.4940211,9.793241,1601283199879
0.13659875,0.49234754,9.793331,1601283199882
0.13613035,0.4903809,9.793436,1601283199887
0.13554588,0.4881263,9.793556,1601283199891
0.13481794,0.48547214,9.793698,1601283199895
0.1337785,0.4825563,9.793858,1601283199900
0.13252586,0.4794384,9.794026,1601283199905
0.13113192,0.47620967,9.794203,1601283199910
0.12966208,0.47293624,9.794381,1601283199918
0.12811151,0.46981013,9.794552,1601283199920
0.12665,0.46707428,9.794703,1601283199925
0.12539022,0.46483973,9.794825,1601283199934
0.12445937,0.46335727,9.794907,1601283199937
0.1239267,0.46269006,9.794945,1601283199941
0.12379311,0.46290094,9.794937,1601283199946
0.12416872,0.4639124,9.794884,1601283199953
0.12506723,0.4655477,9.794795,1601283199957
0.1263155,0.46768576,9.794677,1601283199961
0.1277039,0.4700721,9.794545,1601283199967
0.12900499,0.47235256,9.794417,1601283199971
0.13032022,0.47433364,9.794306,1601283199977
0.1313985,0.47598332,9.79421,1601283199985
0.13227494,0.4772153,9.794139,1601283199986
0.13288859,0.4779716,9.794093,1601283199990
0.13336013,0.4780692,9.794083,1601283199997
0.13369896,0.47769198,9.794095,1601283200006
0.13401262,0.4766584,9.794142,1601283200008
0.13414548,0.47513074,9.794214,1601283200011
0.13397904,0.4732559,9.794308,1601283200019
0.13350129,0.47121054,9.794412,1601283200021
0.13274863,0.4693108,9.794515,1601283200026
0.13179332,0.46770647,9.794604,1601283200034
0.13072422,0.46656057,9.794673,1601283200037
0.12971778,0.46580034,9.794723,1601283200040
0.12876874,0.46547067,9.794751,1601283200050
0.12811342,0.46549994,9.794759,1601283200051
0.12773922,0.46584818,9.794746,1601283200056
0.1277187,0.46641114,9.79472,1601283200062
0.12801534,0.46721888,9.794677,1601283200071
0.12858109,0.46808994,9.794628,1601283200073
0.1291814,0.4690153,9.794576,1601283200078
0.12982614,0.46981138,9.794529,1601283200088
0.13022088,0.47040436,9.794497,1601283200090
0.13038357,0.47088018,9.794471,1601283200092
0.1302108,0.47113317,9.79446,1601283200101
0.12973088,0.4713083,9.794459,1601283200102
0.12902209,0.4715493,9.7944565,1601283200111
0.12817012,0.4719225,9.79445,1601283200113
0.1273131,0.47235733,9.794439,1601283200117
0.12673429,0.47279945,9.794426,1601283200121
0.1264716,0.4730782,9.794415,1601283200126
0.12653822,0.4728895,9.794425,1601283200134
0.1268083,0.47215477,9.7944565,1601283200138
0.12740828,0.4706214,9.794522,1601283200142
0.12816957,0.46829554,9.794624,1601283200147
0.12888321,0.4650992,9.794766,1601283200158
0.12934741,0.46112782,9.794948,1601283200162
0.129423,0.45657447,9.795161,1601283200166
0.12905084,0.451692,9.795393,1601283200168
0.12823161,0.44672132,9.795631,1601283200172
0.12709777,0.441918,9.795864,1601283200183
0.12574321,0.43767825,9.796071,1601283200186
0.12435178,0.4342072,9.796244,1601283200188
0.1229789,0.43179002,9.796369,1601283200193
0.12185306,0.4304342,9.796441,1601283200202
0.121174775,0.43009,9.796465,1601283200204
0.12081317,0.4305121,9.79645,1601283200206
0.120785035,0.43143383,9.7964115,1601283200213
0.120978914,0.4326707,9.796353,1601283200224
0.12137265,0.43413448,9.796284,1601283200228
0.12196639,0.43572748,9.7962055,1601283200230
0.122583374,0.43714184,9.796135,1601283200234
0.123411596,0.4380585,9.796083,1601283200243
0.1240788,0.4384105,9.79606,1601283200245
0.124442674,0.43807662,9.79607,1601283200247
0.12431933,0.43723613,9.796109,1601283200255
0.1237465,0.43573657,9.796184,1601283200259
0.12281513,0.4337477,9.796283,1601283200264
0.12170679,0.43142605,9.7964,1601283200274
0.1204291,0.42887577,9.796528,1601283200276
0.118974045,0.4262168,9.796661,1601283200277
0.11757082,0.4235992,9.796791,1601283200282
0.116133675,0.42102772,9.796921,1601283200287
0.11479551,0.41874647,9.797033,1601283200293
0.11374613,0.41672155,9.797132,1601283200299
0.11307081,0.41513097,9.797207,1601283200303
0.11282237,0.414017,9.797257,1601283200307
0.11279152,0.4134105,9.797282,1601283200314
0.112992294,0.41315186,9.797292,1601283200320
0.11317683,0.41326764,9.797284,1601283200324
0.113233685,0.41360548,9.79727,1601283200330
0.113125265,0.41413435,9.79725,1601283200334
0.11284536,0.41483483,9.797223,1601283200341
0.112450615,0.41559651,9.7971945,1601283200344
0.111913316,0.41648906,9.797162,1601283200352
0.11131084,0.41744182,9.79713,1601283200355
0.110676035,0.41833907,9.797098,1601283200356
0.11021368,0.41914022,9.797069,1601283200365
0.10973922,0.41983244,9.797045,1601283200366
0.109395556,0.42033848,9.797027,1601283200373
0.109161295,0.4204591,9.797024,1601283200376
0.10898673,0.42017314,9.797039,1601283200383
0.1087967,0.4195602,9.797068,1601283200391
0.10862747,0.4186918,9.797105,1601283200393
0.108516455,0.4176282,9.7971525,1601283200399
0.108339995,0.41653144,9.797201,1601283200401
0.10804458,0.41543615,9.797252,1601283200407
0.1075907,0.41444668,9.797298,1601283200417
0.107091114,0.4137542,9.797333,1601283200418
0.10659549,0.413329,9.797357,1601283200421
0.10631895,0.41340297,9.797356,1601283200426
0.10611116,0.4141684,9.797325,1601283200432
0.10599186,0.41560927,9.797266,1601283200437
0.10590904,0.41770363,9.797178,1601283200443
0.105881736,0.42018926,9.797072,1601283200448
0.105724074,0.4228687,9.796958,1601283200451
0.105542526,0.42564228,9.79684,1601283200458
0.10523021,0.42846656,9.7967205,1601283200464
0.10480659,0.43114078,9.796607,1601283200467
0.10423555,0.43340337,9.7965145,1601283200474
0.10349864,0.43531638,9.796436,1601283200482
0.10246974,0.4368896,9.796378,1601283200484
0.10136706,0.43810442,9.796334,1601283200486
0.100218266,0.4390346,9.796305,1601283200492
0.09908424,0.4395587,9.796293,1601283200499
0.09819578,0.43962574,9.796299,1601283200503
0.097673364,0.43927282,9.79632,1601283200508
0.097490914,0.43863362,9.7963505,1601283200516
0.09759884,0.43768156,9.796392,1601283200518
0.09777074,0.43659815,9.796439,1601283200524
0.09794372,0.4354755,9.796486,1601283200533
0.097938865,0.43432933,9.796538,1601283200536
0.09786753,0.43319693,9.796588,1601283200537
0.09783316,0.43208343,9.7966385,1601283200542
0.09775746,0.43106496,9.796684,1601283200547
0.09772526,0.43026048,9.79672,1601283200552
0.09782712,0.42958277,9.796747,1601283200557
0.097907946,0.42889294,9.796778,1601283200565
0.0978449,0.42796528,9.796819,1601283200567
0.09754703,0.42683855,9.79687,1601283200572
0.097177394,0.4253043,9.796942,1601283200584
0.09674497,0.423501,9.797023,1601283200585
0.096238986,0.42152372,9.797113,1601283200588
0.09572489,0.41932124,9.7972145,1601283200595
0.09516746,0.41699994,9.797318,1601283200604
0.09449741,0.4147905,9.797418,1601283200606
0.09383224,0.41263044,9.797515,1601283200608
0.093066305,0.4106502,9.797606,1601283200615
0.09230031,0.40883473,9.79769,1601283200617
0.09171505,0.4072894,9.79776,1601283200623
0.09129361,0.40601978,9.797817,1601283200632
0.09110246,0.40490183,9.797865,1601283200635
0.091280475,0.4038545,9.797906,1601283200637
0.09171448,0.4029267,9.797939,1601283200642
0.09236064,0.40213358,9.797967,1601283200650
0.09333135,0.40163568,9.797978,1601283200654
0.09463449,0.40119585,9.797983,1601283200658
0.096042305,0.4009718,9.797978,1601283200666
0.09737858,0.40085146,9.797971,1601283200667
0.09865001,0.4007259,9.797963,1601283200673
0.09990378,0.40063366,9.797955,1601283200680
0.1011297,0.40057746,9.797944,1601283200683
0.10222013,0.40029478,9.797944,1601283200687
0.10310081,0.3999883,9.797948,1601283200694
0.10374892,0.39951995,9.797959,1601283200698
0.1040858,0.3988343,9.797984,1601283200703
0.104099736,0.39794847,9.798019,1601283200708
0.10378768,0.39676923,9.798071,1601283200718
0.10329966,0.39530313,9.798135,1601283200720
0.1026571,0.39363658,9.798209,1601283200723
0.102058,0.39181378,9.798287,1601283200730
0.101531506,0.38994527,9.798368,1601283200732
0.10116746,0.38805428,9.798448,1601283200738
0.100922294,0.38615793,9.798525,1601283200748
0.10069146,0.3842273,9.798603,1601283200750
0.100628115,0.3822165,9.798683,1601283200754
0.10072763,0.38048804,9.798748,1601283200758
0.101018555,0.37890843,9.798807,1601283200769
0.10144892,0.37748423,9.798857,1601283200774
0.10187415,0.37625787,9.7989,1601283200779
0.10239156,0.3752636,9.798932,1601283200781
0.102964126,0.3745379,9.798955,1601283200785
0.10350167,0.37401387,9.798968,1601283200795
0.10401041,0.37372315,9.798975,1601283200798
0.104443066,0.3736204,9.798974,1601283200803
0.10471829,0.37355915,9.798973,1601283200805
0.10490883,0.37343574,9.798975,1601283200808
0.10501333,0.3732089,9.798984,1601283200819
0.1047774,0.37253675,9.799011,1601283200820
0.10427441,0.37145054,9.799059,1601283200823
0.10347991,0.36990094,9.799125,1601283200829
0.10231473,0.3680609,9.799207,1601283200832
0.1006313,0.3658584,9.799307,1601283200838
0.09851366,0.36332688,9.799422,1601283200846
0.09635462,0.36069787,9.7995405,1601283200848
0.09433665,0.35808146,9.799656,1601283200853
0.09253844,0.35542566,9.79977,1601283200858
0.09118743,0.35292098,9.799873,1601283200867
0.090264596,0.35059983,9.799965,1601283200869
0.089698814,0.34861,9.800041,1601283200873
0.08954562,0.3470075,9.800099,1601283200881
0.08967936,0.34572753,9.800144,1601283200884
0.090117216,0.3447585,9.800175,1601283200889
0.09078568,0.3440693,9.800192,1601283200897
0.09154211,0.34350955,9.800204,1601283200900
0.09234024,0.34299025,9.800216,1601283200905
0.09303716,0.34243724,9.800227,1601283200911
0.093500614,0.3417334,9.800249,1601283200916
0.09350654,0.34093684,9.800277,1601283200922
0.09309142,0.34006575,9.800309,1601283200926
0.09234988,0.3392775,9.8003435,1601283200934
0.09135824,0.33857638,9.800378,1601283200937
0.090323515,0.3381302,9.800403,1601283200939
0.08951141,0.33781317,9.800422,1601283200947
0.088985264,0.3376717,9.80043,1601283200949
0.088844955,0.33757412,9.800436,1601283200954
0.0890412,0.33747014,9.800438,1601283200961
0.08945925,0.3371872,9.800444,1601283200965
0.09012663,0.3365375,9.80046,1601283200969
0.09079612,0.33551377,9.800488,1601283200974
0.09143348,0.33406553,9.800532,1601283200984
0.091916,0.33208618,9.800594,1601283200986
0.09208593,0.32988203,9.800668,1601283200990
0.09182549,0.32755995,9.800748,1601283200994
0.091269515,0.3253043,9.800829,1601283200999
0.09049855,0.32330477,9.800901,1601283201003
0.089781106,0.32161468,9.800963,1601283201011
0.0893822,0.3204984,9.801004,1601283201013
0.08933011,0.32009727,9.801018,1601283201019
0.08979375,0.32043567,9.8010025,1601283201025
0.09066304,0.3215349,9.800959,1601283201035
0.09175629,0.3232361,9.800892,1601283201038
0.09287632,0.32533637,9.800812,1601283201044
0.093860105,0.32768947,9.800725,1601283201046
0.094618835,0.33025792,9.800631,1601283201056
0.09510186,0.3327596,9.800542,1601283201061
0.09512106,0.33485225,9.800469,1601283201063
0.09481342,0.33644417,9.800418,1601283201064
0.09416549,0.3374734,9.800389,1601283201072
0.09328097,0.33780465,9.800387,1601283201077
0.09210228,0.3374608,9.800409,1601283201079
0.09088088,0.33650795,9.800453,1601283201089
0.089797296,0.3350441,9.800513,1601283201091
0.08890752,0.33328128,9.800582,1601283201093
0.08828506,0.33126962,9.800655,1601283201099
0.087892585,0.32910907,9.800733,1601283201105
0.08783643,0.32699695,9.800803,1601283201112
0.08812171,0.32504335,9.800865,1601283201114
0.088652655,0.32340008,9.800916,1601283201120
0.089274436,0.32210895,9.800952,1601283201126
0.08995539,0.3212353,9.800974,1601283201132
0.09063906,0.3204656,9.800993,1601283201136
0.091248475,0.319786,9.801009,1601283201144
0.09153554,0.31908685,9.801031,1601283201146
0.09150419,0.3183341,9.801055,1601283201149
0.091277264,0.31759772,9.801081,1601283201157
0.09088346,0.31691954,9.801106,1601283201165
0.09014442,0.31622192,9.801136,1601283201166
0.08911642,0.3156406,9.801165,1601283201171
0.087992124,0.31532335,9.801184,1601283201176
0.08693724,0.31520823,9.801197,1601283201188
0.08622721,0.3154054,9.801197,1601283201191
0.08576148,0.31601876,9.801182,1601283201194
0.08549625,0.3169297,9.801155,1601283201197
0.08571308,0.3178564,9.801123,1601283201201
0.08660517,0.31834066,9.8011,1601283201208
0.08849468,0.31806305,9.801092,1601283201211
0.09139537,0.31660226,9.801112,1601283201214
0.09502995,0.3139293,9.801164,1601283201221
0.09648943,0.30711377,9.801365,1601283201227
0.09805427,0.29870626,9.80161,1601283201232
0.09951625,0.28883177,9.801891,1601283201235
0.10065606,0.27763203,9.802202,1601283201240
0.1012642,0.26550198,9.802533,1601283201246
0.10134259,0.2527851,9.802868,1601283201249
0.10080751,0.23983033,9.803198,1601283201255
0.09983188,0.22723308,9.80351,1601283201259
0.09860752,0.21529187,9.80379,1601283201264
0.09741409,0.20423384,9.80404,1601283201268
0.09656127,0.19443128,9.804247,1601283201275
0.09612159,0.18597044,9.804416,1601283201278
0.096163705,0.1789715,9.804545,1601283201285
0.09643716,0.1735168,9.804641,1601283201289
0.09667947,0.1694498,9.804709,1601283201301
0.096662164,0.16665977,9.804757,1601283201302
0.0963437,0.16482739,9.804792,1601283201305
0.09554661,0.16358078,9.804821,1601283201315
0.0940633,0.16259488,9.804851,1601283201317
0.09192332,0.16160198,9.804887,1601283201319
0.08920917,0.16050272,9.804931,1601283201327
0.086174026,0.1593115,9.804977,1601283201330
0.083173,0.15795097,9.805026,1601283201335
0.08031875,0.15637127,9.805074,1601283201338
0.07772714,0.15442339,9.805126,1601283201344
0.07533048,0.15193547,9.805184,1601283201348
0.07312031,0.14869095,9.80525,1601283201354
0.0710604,0.14446594,9.805328,1601283201361
0.06901214,0.1390733,9.805421,1601283201364
0.06675809,0.13258801,9.805527,1601283201369
0.064169355,0.12514928,9.805641,1601283201381
0.061395988,0.117236815,9.805757,1601283201384
0.058673434,0.10912389,9.805867,1601283201386
0.056462176,0.10116127,9.805965,1601283201396
0.05499608,0.09393129,9.806046,1601283201396
0.054488555,0.087838985,9.806106,1601283201400
0.0552567,0.08341732,9.806139,1601283201405
0.057645187,0.08099884,9.806147,1601283201412
0.06230942,0.081075475,9.806117,1601283201416
0.069862336,0.08404077,9.806042,1601283201419
0.08044105,0.09022042,9.805905,1601283201427
0.093681514,0.09984446,9.805695,1601283201430
0.10928476,0.11324453,9.8053875,1601283201436
0.1265809,0.13088125,9.804959,1601283201441
0.14440127,0.15315129,9.804392,1601283201449
0.16115062,0.18004555,9.803673,1601283201451
0.1758531,0.21179621,9.802786,1601283201455
0.18808861,0.248468,9.801698,1601283201462
0.19788703,0.28929555,9.8003845,1601283201466
0.20579897,0.33420503,9.798793,1601283201471
0.21231534,0.38280475,9.796876,1601283201479
0.2180212,0.4349948,9.794572,1601283201481
0.22337571,0.48983988,9.791862,1601283201485
0.2287881,0.547318,9.7886915,1601283201495
0.23469214,0.60760385,9.784995,1601283201498
0.24125265,0.6696604,9.780785,1601283201500
0.24882786,0.73378706,9.775992,1601283201506
0.2574951,0.80055,9.770527,1601283201513
0.26711965,0.86940324,9.764382,1601283201515
0.27758282,0.94092053,9.757459,1601283201521
0.2890115,1.0152365,9.749675,1601283201526
0.30170733,1.093097,9.740868,1601283201530
0.31593308,1.1738045,9.731021,1601283201535
0.3320752,1.2584432,9.719899,1601283201547
0.3500268,1.3484253,9.707194,1601283201548
0.36855146,1.4435848,9.692813,1601283201552
0.38648432,1.5452551,9.676426,1601283201556
0.40294084,1.6544958,9.657674,1601283201561
0.41740155,1.770188,9.636523,1601283201565
0.4298275,1.8929075,9.612624,1601283201570
0.4401777,2.0230286,9.585613,1601283201576
0.44836667,2.1583686,9.555669,1601283201579
0.454695,2.2989407,9.522527,1601283201585
0.45949134,2.4438035,9.486152,1601283201591
0.46290186,2.5928366,9.446339,1601283201596
0.4649762,2.7431529,9.403686,1601283201600
0.46583897,2.894522,9.358157,1601283201609
0.46560797,3.046854,9.309688,1601283201612
0.464472,3.1971962,9.25919,1601283201617
0.46270177,3.3455927,9.206699,1601283201620
0.4603699,3.4913368,9.152541,1601283201629
0.45737687,3.6347394,9.096695,1601283201633
0.45369148,3.7736683,9.040131,1601283201636
0.44916466,3.9088678,8.982727,1601283201647
0.44374806,4.0411325,8.924277,1601283201648
0.43726847,4.1690283,8.865573,1601283201653
0.4296323,4.293747,8.806222,1601283201661
0.42066416,4.4158244,8.74608,1601283201663
0.4099291,4.536584,8.68457,1601283201666
0.39732972,4.6550603,8.622235,1601283201671
0.38272065,4.772475,8.55847,1601283201678
0.36609071,4.8897743,8.49273,1601283201681
0.3477501,5.005728,8.425683,1601283201685
0.32785842,5.1209974,8.35693,1601283201693
0.3067331,5.235444,8.286521,1601283201696
0.28463793,5.34951,8.214141,1601283201701
0.2621527,5.4614725,8.140883,1601283201712
0.23948818,5.5715895,8.066624,1601283201717
0.21681055,5.680206,7.99116,1601283201719
0.19451325,5.785793,7.9156275,1601283201724
0.17255907,5.8889613,7.8396897,1601283201726
0.15101331,5.98989,7.763298,1601283201736
0.12980346,6.0892878,7.685969,1601283201738
0.10938812,6.186195,7.608509,1601283201746
0.08959105,6.281484,7.530294,1601283201749
0.07005274,6.37586,7.4507637,1601283201751
0.050731324,6.4683495,7.3707714,1601283201759
0.03125258,6.5596085,7.2897844,1601283201762
0.011470587,6.649651,7.207802,1601283201766
-0.008827333,6.739005,7.1243315,1601283201771
-0.02953611,6.826394,7.040587,1601283201777
-0.05106992,6.912167,6.956272,1601283201780
-0.07364576,6.996579,6.8711596,1601283201786
-0.097025886,7.078267,6.7866855,1601283201796
-0.12116306,7.157513,6.702664,1601283201798
-0.14582285,7.2341003,6.6194344,1601283201801
-0.17075379,7.308365,6.536745,1601283201809
-0.19545093,7.379333,6.4558215,1601283201813
-0.2198646,7.447413,6.37637,1601283201817
-0.24393666,7.513037,6.298027,1601283201821
-0.2670773,7.5754995,6.2218056,1601283201832
-0.28927144,7.635409,6.147133,1601283201834
-0.31047827,7.693191,6.073615,1601283201835
-0.33041295,7.7482615,6.0021377,1601283201840
-0.34930313,7.8010917,5.932228,1601283201846
-0.3672564,7.852145,5.863389,1601283201852
-0.3842021,7.9010224,5.7962584,1601283201860
-0.4003949,7.9481745,5.730323,1601283201862
-0.4158457,7.9937086,5.6655164,1601283201866
-0.43041745,8.03803,5.6013575,1601283201874
-0.44379994,8.080689,5.5385804,1601283201877
-0.45591086,8.121987,5.476847,1601283201882
-0.4666547,8.162097,5.4159756,1601283201888
-0.47570646,8.2005415,5.356791,1601283201892
-0.48308653,8.23756,5.29902,1601283201901
-0.48884287,8.273354,5.242428,1601283201903
-0.49302542,8.307485,5.1877747,1601283201909
-0.49584025,8.340174,5.1347876,1601283201915
-0.49727687,8.371487,5.0834365,1601283201916
-0.4972322,8.401734,5.0332913,1601283201922
-0.4956942,8.430588,4.984963,1601283201927
-0.49270213,8.4583,4.938097,1601283201931
-0.48836064,8.485002,4.892508,1601283201938
-0.483092,8.510302,4.848894,1601283201947
-0.47714996,8.534328,4.8070745,1601283201949
-0.47090656,8.557036,4.767156,1601283201955
-0.46471286,8.578557,4.7289314,1601283201957
-0.45896375,8.59871,4.692751,1601283201967
-0.45391715,8.617715,4.658255,1601283201968
-0.44982767,8.63586,4.624928,1601283201977
-0.44686309,8.6531515,4.5927854,1601283201979
-0.44499227,8.669942,4.561193,1601283201982
-0.44411993,8.686374,4.5299077,1601283201986
-0.444077,8.702699,4.498469,1601283201992
-0.44469696,8.718802,4.467115,1601283201997
-0.44571406,8.734841,4.4355702,1601283202002
-0.44682702,8.75084,4.403807,1601283202008
-0.44782755,8.766853,4.3717422,1601283202011
-0.44849145,8.782628,4.3398952,1601283202015
-0.44861522,8.798199,4.3082256,1601283202023
-0.44802147,8.813529,4.276842,1601283202026
-0.44642797,8.828294,4.246447,1601283202030
-0.44367838,8.842439,4.217205,1601283202036
-0.43959984,8.855859,4.1893787,1601283202042
-0.43408057,8.868528,4.1630697,1601283202046
-0.42732692,8.880229,4.1387577,1601283202052
-0.4196398,8.890921,4.1165295,1601283202063
-0.41143903,8.900549,4.0965004,1601283202066
-0.40329286,8.908896,4.0791287,1601283202068
-0.39563072,8.915991,4.0643544,1601283202072
-0.38875628,8.92184,4.0521636,1601283202080
-0.3830303,8.926406,4.042643,1601283202083
-0.37868527,8.929811,4.035525,1601283202090
-0.37581512,8.932177,4.0305552,1601283202094
-0.37445065,8.933592,4.027543,1601283202097
-0.37438294,8.934171,4.0262675,1601283202101
-0.3751347,8.934073,4.026414,1601283202110
-0.37626374,8.93349,4.0276003,1601283202113
-0.3773709,8.93271,4.02923,1601283202117
-0.37813494,8.931975,4.0307827,1601283202123
-0.37819314,8.931549,4.0317216,1601283202127
-0.37732363,8.931625,4.031635,1601283202131
-0.37538692,8.932346,4.0302176,1601283202138
-0.37240127,8.933793,4.027287,1601283202144
-0.36854064,8.935927,4.022905,1601283202148
-0.36410996,8.938684,4.0171804,1601283202151
-0.35928413,8.941978,4.010278,1601283202156
-0.35429582,8.94562,4.002593,1601283202163
-0.34935546,8.949456,3.9944408,1601283202168
-0.34469762,8.953283,3.9862628,1601283202177
-0.34048733,8.956965,3.9783444,1601283202179
-0.33696216,8.960401,3.9708998,1601283202183
-0.33419043,8.963565,3.9639897,1601283202189
-0.33220184,8.966433,3.9576647,1601283202193
-0.3309427,8.968916,3.9521403,1601283202197
-0.33033815,8.970993,3.9474745,1601283202202
-0.33013842,8.97266,3.9437003,1601283202213
-0.33015162,8.973944,3.9407775,1601283202216
-0.33036795,8.974865,3.9386604,1601283202217
-0.33076507,8.975466,3.937257,1601283202224
-0.33133307,8.975757,3.9365451,1601283202228
-0.33199477,8.975755,3.9364955,1601283202233
-0.3325622,8.975462,3.9371152,1601283202238
-0.33290562,8.974918,3.9383235,1601283202242
-0.33279917,8.974135,3.940117,1601283202248
-0.33206326,8.973223,3.9422584,1601283202259
-0.3306248,8.972275,3.9445348,1601283202260
-0.32851452,8.97134,3.9468358,1601283202262
-0.32580224,8.970462,3.9490561,1601283202266
-0.32262883,8.969646,3.9511712,1601283202273
-0.31914282,8.968903,3.9531422,1601283202277
-0.31559327,8.968261,3.9548798,1601283202281
-0.31219333,8.96773,3.956356,1601283202288
-0.30916902,8.967287,3.9575944,1601283202291
-0.30669862,8.966904,3.9586582,1601283202298
-0.3049134,8.9665,3.959706,1601283202305
-0.30392098,8.966022,3.9608705,1601283202307
-0.3036613,8.965371,3.9623601,1601283202312
-0.30415076,8.964511,3.9642696,1601283202319
-0.30500573,8.9634695,3.9665582,1601283202328
-0.30606186,8.962295,3.9691298,1601283202330
-0.30720758,8.961072,3.9717991,1601283202339
-0.30833343,8.95986,3.9744484,1601283202340
-0.30943638,8.958766,3.976828,1601283202344
-0.3104484,8.95786,3.9787896,1601283202353
-0.3112078,8.957213,3.9801836,1601283202355
-0.3116245,8.956841,3.98099,1601283202358
-0.31149125,8.956767,3.9811676,1601283202363
-0.31069377,8.95697,3.9807696,1601283202368
-0.30915475,8.957442,3.979829,1601283202374
-0.30697596,8.958155,3.978393,1601283202379
-0.3041791,8.959106,3.9764667,1601283202384
-0.3009533,8.9602995,3.9740229,1601283202389
-0.29761642,8.961684,3.9711523,1601283202392
-0.29437956,8.9631815,3.9680104,1601283202398
-0.29153037,8.964718,3.9647462,1601283202402
-0.28930512,8.966165,3.9616396,1601283202408
-0.28783724,8.967443,3.9588518,1601283202413
-0.28724056,8.968489,3.9565256,1601283202420
-0.28747773,8.969199,3.954896,1601283202427
-0.28853172,8.969515,3.9541042,1601283202429
-0.29028377,8.969446,3.9541318,1601283202432
-0.2924683,8.969038,3.9548976,1601283202438
-0.2952657,8.96879,3.9552505,1601283202443
-0.29845023,8.968262,3.9562118,1601283202448
-0.301659,8.967536,3.9576116,1601283202454
-0.30465072,8.966711,3.9592516,1601283202458
-0.3072915,8.9658785,3.9609344,1601283202463
-0.30958188,8.96515,3.9624033,1601283202467
-0.3114816,8.96468,3.9633167,1601283202475
-0.31308657,8.964622,3.9633238,1601283202478
-0.31445065,8.965046,3.9622538,1601283202482
-0.31564057,8.965957,3.9601,1601283202492
-0.31672,8.967262,3.9570565,1601283202495
-0.31779617,8.968845,3.9533787,1601283202498
-0.31876358,8.970601,3.9493148,1601283202506
-0.31958792,8.972419,3.9451187,1601283202508
-0.32041666,8.97417,3.9410634,1601283202512
-0.3212005,8.975668,3.9375885,1601283202522
-0.3220239,8.976709,3.9351451,1601283202524
-0.32282668,8.977149,3.9340782,1601283202528
-0.3236828,8.976862,3.9346626,1601283202533
-0.32463756,8.975815,3.9369693,1601283202539
-0.32578117,8.97411,3.9407613,1601283202543
-0.32712227,8.971786,3.9459395,1601283202550
-0.3285239,8.969025,3.9520948,1601283202556
-0.33004984,8.965939,3.9589648,1601283202558
-0.33175117,8.962724,3.9660945,1601283202570
-0.33344284,8.959578,3.9730551,1601283202572
-0.33489633,8.956695,3.9794297,1601283202576
-0.33588576,8.954215,3.9849212,1601283202581
-0.3362406,8.952253,3.9892952,1601283202586
-0.3362339,8.951037,3.9920232,1601283202594
-0.33591506,8.950088,3.994182,1601283202596
-0.3353826,8.949399,3.9957693,1601283202599
-0.3347315,8.948965,3.9967935,1601283202610
-0.33389762,8.948781,3.9972768,1601283202611
-0.33301967,8.948879,3.9971316,1601283202614
-0.33202106,8.949228,3.9964318,1601283202622
-0.33091992,8.949831,3.9951735,1601283202625
-0.32975167,8.950685,3.993357,1601283202630
-0.328544,8.951742,3.9910858,1601283202634
-0.32738307,8.95294,3.9884946,1601283202639
-0.32630473,8.954206,3.985737,1601283202644
-0.3254061,8.955449,3.9830174,1601283202648
-0.32462114,8.956608,3.9804754,1601283202660
-0.32397875,8.957636,3.9782145,1601283202661
-0.32328802,8.959089,3.974997,1601283202663
-0.32265878,8.960329,3.972252,1601283202669
-0.32200035,8.961458,3.9697573,1601283202672
-0.321348,8.962512,3.9674299,1601283202677
-0.32063836,8.9635935,3.9650438,1601283202682
-0.32000464,8.964655,3.9626944,1601283202688
-0.31927827,8.965747,3.9602838,1601283202693
-0.3185034,8.966821,3.9579136,1601283202698
-0.31761646,8.967812,3.955739,1601283202704
-0.31660667,8.968667,3.9538784,1601283202708
-0.31535524,8.969431,3.9522462,1601283202714
-0.31392732,8.970052,3.9509506,1601283202720
-0.31245765,8.970605,3.9498131,1601283202724
-0.3112177,8.971142,3.9486887,1601283202731
-0.31035635,8.971736,3.9474056,1601283202738
-0.30973944,8.972422,3.9458978,1601283202739
-0.30939075,8.973188,3.944181,1601283202743
-0.30915505,8.974145,3.9420216,1601283202748
-0.308891,8.975254,3.9395149,1601283202754
-0.30843008,8.976476,3.9367678,1601283202764
-0.3077423,8.977698,3.9340322,1601283202769
-0.30708042,8.978785,3.9316034,1601283202771
-0.3064418,8.979666,3.9296422,1601283202774
-0.30588302,8.980198,3.928467,1601283202782
-0.30546921,8.9803505,3.928155,1601283202786
-0.3051838,8.980028,3.928911,1601283202788
-0.3051998,8.979134,3.9309556,1601283202797
-0.3056807,8.977715,3.934157,1601283202798
-0.3066869,8.975756,3.938544,1601283202804
-0.3080991,8.973409,3.943778,1601283202809
-0.30993012,8.9709425,3.9492435,1601283202816
-0.31198418,8.968591,3.9544206,1601283202823
-0.31410787,8.966574,3.958822,1601283202828
-0.31615716,8.965096,3.9620042,1601283202832
-0.3178865,8.964248,3.963785,1601283202838
-0.31924656,8.964083,3.9640484,1601283202840
-0.32021,8.964624,3.962748,1601283202850
-0.3207229,8.965775,3.9601016,1601283202854
-0.32091063,8.967423,3.9563541,1601283202858
-0.32087684,8.969337,3.9520125,1601283202861
-0.32072037,8.971326,3.9475105,1601283202864
-0.32043797,8.973177,3.943325,1601283202870
-0.32009766,8.974788,3.9396858,1601283202873
-0.31979927,8.976086,3.9367492,1601283202880
-0.31947297,8.97703,3.9346223,1601283202886
-0.31906632,8.977562,3.933442,1601283202889
-0.31855655,8.977649,3.9332857,1601283202894
-0.3179313,8.977336,3.9340515,1601283202899
-0.31717423,8.976737,3.9354765,1601283202905
-0.31641546,8.975966,3.9372962,1601283202909
-0.31581593,8.975144,3.9392178,1601283202914
-0.31527433,8.974479,3.940777,1601283202924
-0.31479505,8.97409,3.9416997,1601283202926
-0.3144437,8.97401,3.9419072,1601283202929
-0.31416637,8.974163,3.9415839,1601283202939
-0.31383082,8.974482,3.9408867,1601283202941
-0.31322485,8.974942,3.9398856,1601283202945
-0.31244317,8.975565,3.9385262,1601283202950
-0.31152558,8.976363,3.936782,1601283202955
-0.31065455,8.977364,3.934567,1601283202958
-0.30976945,8.978508,3.932026,1601283202964
-0.30900386,8.979658,3.9294567,1601283202969
-0.308184,8.980726,3.9270804,1601283202974
-0.30722606,8.9815855,3.9251904,1601283202978
-0.306053,8.982214,3.9238427,1601283202986
-0.30483073,8.982531,3.9232144,1601283202988
-0.30373403,8.982515,3.923335,1601283202995
-0.3029096,8.982114,3.9243174,1601283203006
-0.30240688,8.98131,3.9261947,1601283203008
-0.30217534,8.980192,3.9287694,1601283203011
-0.3020707,8.978815,3.9319243,1601283203014
-0.30222225,8.977262,3.9354575,1601283203021
-0.30268985,8.975575,3.939266,1601283203024
-0.3033432,8.973798,3.943265,1601283203028
-0.30411386,8.971949,3.9474087,1601283203035
-0.30500376,8.97004,3.9516754,1601283203044
-0.305957,8.968145,3.9559004,1601283203046
-0.3069077,8.966242,3.960139,1601283203054
-0.30772758,8.964494,3.9640296,1601283203056
-0.30844265,8.962982,3.967392,1601283203059
-0.30898556,8.961876,3.969848,1601283203065
-0.30946606,8.961232,3.971264,1601283203073
-0.3099735,8.961115,3.9714866,1601283203075
-0.31056425,8.961534,3.970499,1601283203080
-0.3113076,8.962476,3.9683115,1601283203091
-0.31205434,8.963875,3.9650939,1601283203092
-0.31281522,8.965679,3.9609501,1601283203100
-0.31353888,8.967847,3.955982,1601283203100
-0.31437364,8.970251,3.9504604,1601283203107
-0.31515908,8.972747,3.9447274,1601283203109
-0.3160159,8.97521,3.9390502,1601283203116
-0.3168269,8.97739,3.9340155,1601283203121
-0.31779653,8.979099,3.930033,1601283203125
-0.31891978,8.980256,3.9272985,1601283203129
-0.32011718,8.980797,3.9259653,1601283203136
-0.32141253,8.980712,3.9260528,1601283203140
-0.3227373,8.98006,3.9274368,1601283203146
-0.32392696,8.978934,3.9299097,1601283203157
-0.32491738,8.977418,3.9332902,1601283203159
-0.32561985,8.975715,3.9371173,1601283203162
-0.3259656,8.973928,3.9411602,1601283203168
-0.3260862,8.972169,3.9451532,1601283203171
-0.3260598,8.970515,3.9489155,1601283203174
-0.3258541,8.969136,3.9520633,1601283203179
-0.32553878,8.968095,3.954452,1601283203185
-0.32528454,8.967461,3.9559104,1601283203192
-0.32521376,8.967148,3.956625,1601283203194
-0.3252184,8.967132,3.9566622,1601283203207
-0.32527405,8.967312,3.9562478,1601283203209
-0.3253059,8.967634,3.9555159,1601283203211
-0.32527778,8.968009,3.9546683,1601283203218
-0.32508117,8.968391,3.9538157,1601283203221
-0.32479548,8.968727,3.9530783,1601283203226
-0.32447144,8.968932,3.9526372,1601283203229
-0.32420832,8.968938,3.9526474,1601283203237
-0.32407114,8.96871,3.953177,1601283203239
-0.32411572,8.968245,3.9542296,1601283203245
-0.3244805,8.967635,3.9555812,1601283203250
-0.3250521,8.966896,3.9572089,1601283203257
-0.32583973,8.966094,3.9589615,1601283203260
-0.3267502,8.965311,3.9606588,1601283203270
-0.32779932,8.964578,3.9622314,1601283203273
-0.3289636,8.9639015,3.9636655,1601283203275
-0.33009124,8.963381,3.9647503,1601283203280
-0.3310856,8.962973,3.9655883,1601283203286
-0.33172277,8.962671,3.9662163,1601283203290
-0.33207268,8.962477,3.9666274,1601283203295
-0.33196172,8.962338,3.9669476,1601283203301
-0.33149475,8.962293,3.9670897,1601283203304
-0.33084863,8.962283,3.9671652,1601283203310
-0.33006594,8.962326,3.9671354,1601283203320
-0.32931316,8.962418,3.9669926,1601283203322
-0.32849953,8.962532,3.9667995,1601283203326
-0.3278203,8.962576,3.9667566,1601283203330
-0.3273684,8.962477,3.9670188,1601283203337
-0.32710266,8.962182,3.9677045,1601283203340
-0.32691085,8.961653,3.9689147,1601283203345
-0.3268051,8.960901,3.970622,1601283203358
-0.32675505,8.959886,3.9729152,1601283203360
-0.32660934,8.958621,3.9757798,1601283203361
-0.32632124,8.957163,3.9790869,1601283203367
-0.32577696,8.955582,3.982691,1601283203376
-0.32481378,8.953943,3.9864507,1601283203378
-0.3235227,8.952355,3.9901216,1601283203380
-0.32199302,8.950892,3.9935238,1601283203386
-0.3203733,8.949598,3.996552,1601283203391
-0.31883264,8.948502,3.999132,1601283203398
-0.31743255,8.947592,4.001279,1601283203401
-0.31610927,8.946871,4.002995,1601283203410
-0.31495604,8.946367,4.0042124,1601283203413
-0.3140613,8.946002,4.0050974,1601283203419
-0.3136547,8.945727,4.0057406,1601283203422
-0.313814,8.945536,4.0061564,1601283203426
-0.31457362,8.945353,4.0065064,1601283203437
-0.31579536,8.945127,4.006916,1601283203439
-0.31724042,8.944835,4.0074525,1601283203442
-0.31873924,8.944475,4.0081367,1601283203446
-0.3202748,8.944129,4.0087852,1601283203453
-0.32176775,8.943845,4.0092998,1601283203456
-0.32313463,8.943679,4.00956,1601283203464
-0.3245465,8.94353,4.0097775,1601283203466
-0.32578635,8.943364,4.0100474,1601283203477
-0.32680622,8.943164,4.0104113,1601283203478
-0.3275926,8.942966,4.010788,1601283203484
-0.3281733,8.942834,4.011038,1601283203488
-0.3287425,8.942825,4.011011,1601283203492
-0.32940638,8.943005,4.0105553,1601283203495
-0.3300899,8.943359,4.009708,1601283203501
-0.33061817,8.943883,4.0084963,1601283203506
-0.3309609,8.944475,4.0071473,1601283203510
-0.33098927,8.945132,4.0056767,1601283203517
-0.33077073,8.945824,4.00415,1601283203520
-0.3302768,8.94654,4.0025883,1601283203525
-0.32964385,8.947275,4.0009995,1601283203534
-0.32889828,8.948048,3.9993312,1601283203536
-0.3282665,8.948805,3.9976907,1601283203541
-0.32784516,8.949491,3.996188,1601283203545
-0.32760188,8.950114,3.9948115,1601283203553
-0.32764846,8.950649,3.9936087,1601283203556
-0.32805705,8.951071,3.9926314,1601283203560
-0.32894745,8.951282,3.9920835,1601283203570
-0.33021665,8.951334,3.9918618,1601283203573
-0.33191139,8.951202,3.9920177,1601283203575
-0.33388966,8.950947,3.992425,1601283203590
-0.33604413,8.950632,3.9929495,1601283203592
-0.3382524,8.950225,3.9936745,1601283203596
-0.3403626,8.949786,3.9944797,1601283203598
-0.34229428,8.949343,3.9953089,1601283203607
-0.3438771,8.948859,3.996255,1601283203610
-0.345039,8.948396,3.9971938,1601283203613
-0.3458498,8.947992,3.998025,1601283203618
-0.34620735,8.947648,3.9987648,1601283203621
-0.3461085,8.947334,3.9994755,1601283203626
-0.3456804,8.947055,4.000137,1601283203630
-0.3448987,8.946811,4.0007505,1601283203637
-0.3439109,8.946601,4.001304,1601283203641
-0.34269667,8.946463,4.001718,1601283203647
-0.34124097,8.946354,4.002087,1601283203657
-0.33942768,8.94626,4.002449,1601283203659
-0.33747762,8.946172,4.002814,1601283203663
-0.33543164,8.946045,4.003268,1601283203672
-0.33350876,8.945833,4.0039034,1601283203675
-0.33183357,8.945503,4.004779,1601283203677
-0.3304962,8.9451,4.0057893,1601283203687
-0.32965854,8.944576,4.007027,1601283203688
-0.32921648,8.943987,4.0083795,1601283203691
-0.3292403,8.943412,4.00966,1601283203703
-0.32981667,8.942949,4.010645,1601283203704
-0.33091837,8.942648,4.0112276,1601283203706
-0.33254725,8.942584,4.0112314,1601283203715
-0.33458412,8.942751,4.010692,1601283203717
-0.3370409,8.943049,4.0098195,1601283203725
-0.3396119,8.943418,4.008782,1601283203728
-0.34211883,8.943804,4.007706,1601283203731
-0.34447554,8.944222,4.0065722,1601283203741
-0.34661824,8.944647,4.0054383,1601283203744
-0.3484796,8.944979,4.004535,1601283203748
-0.34998608,8.945264,4.0037694,1601283203754
-0.35137144,8.945366,4.003417,1601283203756
-0.3524834,8.945262,4.0035505,1601283203765
-0.35331637,8.944914,4.0042567,1601283203766
-0.35391268,8.944379,4.005399,1601283203770
-0.35421696,8.943724,4.006836,1601283203775
-0.35419402,8.943115,4.0081954,1601283203781
-0.35388,8.942623,4.009322,1601283203785
-0.35328886,8.94242,4.0098248,1601283203791
-0.3524989,8.942544,4.009618,1601283203797
-0.35156026,8.943038,4.008598,1601283203801
-0.35059708,8.943804,4.0069747,1601283203806
-0.3498185,8.944716,4.0050044,1601283203810
-0.34936982,8.945601,4.0030646,1601283203816
-0.3494568,8.946319,4.0014563,1601283203821
-0.35026634,8.946708,4.0005164,1601283203827
-0.3517571,8.946669,4.000471,1601283203832
-0.35378197,8.946181,4.0013833,1601283203841
-0.35611442,8.945295,4.0031548,1601283203844
-0.358669,8.944048,4.0057163,1601283203848
-0.3610066,8.942478,4.0090084,1601283203852
-0.36284652,8.940774,4.012641,1601283203860
-0.36433405,8.939034,4.0163817,1601283203863
-0.36528546,8.937371,4.0199933,1601283203868
-0.3656999,8.935855,4.0233245,1601283203871
-0.3656764,8.93456,4.0262027,1601283203877
-0.36540776,8.933567,4.0284276,1601283203881
-0.3649348,8.932927,4.0298905,1601283203886
-0.36429176,8.932701,4.030451,1601283203891
-0.36354238,8.932836,4.03022,1601283203898
-0.36280796,8.933323,4.0292077,1601283203902
-0.36202082,8.9341,4.0275555,1601283203906
-0.36128438,8.935113,4.02537,1601283203919
-0.36062634,8.936339,4.022707,1601283203921
-0.36024335,8.937635,4.0198617,1601283203923
-0.36000857,8.938854,4.0171723,1601283203928
-0.35981002,8.939891,4.0148797,1601283203935
-0.35940546,8.940701,4.0131135,1601283203936
-0.35871223,8.941232,4.011993,1601283203941
-0.35779414,8.94144,4.011614,1601283203947
-0.35669017,8.941239,4.0121555,1601283203952
-0.35548857,8.940651,4.013573,1601283203957
-0.35430703,8.939667,4.0158715,1601283203964
-0.35305217,8.93831,4.0190005,1601283203967
-0.3518288,8.936663,4.022767,1601283203970
-0.35064512,8.934898,4.0267878,1601283203976
-0.3495526,8.933171,4.0307136,1601283203984
-0.3485134,8.931602,4.0342813,1601283203986
-0.34751412,8.930283,4.0372863,1601283203992
-0.34644333,8.929319,4.039509,1601283203999
-0.34547657,8.928773,4.040797,1601283204002
-0.34458956,8.928709,4.0410147,1601283204006
-0.34373277,8.92912,4.040181,1601283204019
-0.34287244,8.92992,4.0384855,1601283204022
-0.3417889,8.931056,4.036062,1601283204024
-0.34046414,8.932501,4.0329766,1601283204032
-0.33895937,8.9342375,4.029255,1601283204034
-0.33729422,8.9361725,4.0251,1601283204038
-0.33539397,8.938267,4.020607,1601283204042
-0.33341852,8.940344,4.0161495,1601283204047
-0.3313584,8.9423275,4.0119047,1601283204053
-0.32922122,8.944099,4.0081277,1601283204058
-0.32702392,8.9455595,4.005046,1601283204063
-0.3257462,8.94549,4.0053077,1601283204068
-0.3246471,8.945071,4.0063324,1601283204073
-0.32372478,8.944361,4.0079913,1601283204078
-0.32297626,8.943416,4.0101585,1601283204082
-0.3224158,8.942337,4.012612,1601283204087
-0.322089,8.9412,4.0151696,1601283204091
-0.32199857,8.940065,4.017702,1601283204097
-0.32208654,8.939016,4.0200286,1601283204103
-0.3223596,8.938076,4.022099,1601283204107
-0.32266015,8.937286,4.0238285,1601283204113
-0.3230119,8.936671,4.0251665,1601283204118
-0.3233667,8.936255,4.0260596,1601283204122
-0.3237143,8.93602,4.026553,1601283204130
-0.32375258,8.935675,4.0273156,1601283204133
-0.32408753,8.935524,4.027627,1601283204137
-0.32463723,8.935547,4.027532,1601283204142
-0.32545486,8.935656,4.027225,1601283204148
-0.32651657,8.935828,4.0267563,1601283204153
-0.32767373,8.936065,4.026136,1601283204159
-0.32897952,8.93633,4.025443,1601283204169
-0.3302497,8.936651,4.0246234,1601283204172
-0.33150184,8.9369955,4.0237536,1601283204179
-0.3327562,8.937279,4.023022,1601283204181
-0.33409613,8.937416,4.0226054,1601283204184
-0.33555686,8.937295,4.0227537,1601283204194
-0.33720204,8.936852,4.0236015,1601283204199
-0.3388942,8.936082,4.025168,1601283204200
-0.34072542,8.934971,4.027482,1601283204207
-0.34276083,8.933645,4.0302467,1601283204211
-0.3449264,8.932232,4.033195,1601283204215
-0.34709647,8.93083,4.03611,1601283204225
-0.34926882,8.929569,4.038713,1601283204227
-0.35133794,8.928548,4.0407877,1601283204229
-0.35329074,8.927832,4.0422025,1601283204237
-0.35499856,8.927367,4.043079,1601283204240
-0.35656413,8.9270735,4.043589,1601283204243
-0.35806173,8.926869,4.0439086,1601283204248
-0.3596299,8.926739,4.0440545,1601283204252
-0.36131448,8.926692,4.0440097,1601283204258
-0.36309433,8.926804,4.043603,1601283204263
-0.36497518,8.927111,4.0427556,1601283204268
-0.36675873,8.9276495,4.0414047,1601283204274
-0.36848938,8.928432,4.0395174,1601283204279
-0.37025636,8.929409,4.037198,1601283204283
-0.3719685,8.930503,4.0346184,1601283204289
-0.37358594,8.931633,4.031965,1601283204297
-0.375191,8.932671,4.029518,1601283204299
-0.37680936,8.93349,4.0275493,1601283204302
-0.37840414,8.934047,4.0261664,1601283204307
-0.37978572,8.934323,4.025422,1601283204312
-0.38079134,8.934334,4.025305,1601283204317
-0.38142046,8.934066,4.025838,1601283204322
-0.3816091,8.933598,4.026859,1601283204327
-0.38140622,8.93302,4.0281615,1601283204332
-0.38075528,8.932369,4.029665,1601283204337
-0.37970865,8.931748,4.03114,1601283204344
-0.37810466,8.931284,4.032318,1601283204347
-0.37618855,8.930997,4.033133,1601283204352
-0.37411502,8.930942,4.033449,1601283204358
-0.37206048,8.931155,4.0331655,1601283204363
-0.37013674,8.931686,4.0321665,1601283204367
-0.3683867,8.932572,4.0303626,1601283204373
-0.3669751,8.933768,4.027839,1601283204379
-0.36599943,8.935202,4.0247493,1601283204382
-0.3654114,8.936772,4.021313,1601283204387
-0.36519822,8.938401,4.017711,1601283204400
-0.365373,8.939975,4.0141916,1601283204401
-0.36584145,8.941398,4.010977,1601283204404
-0.3663855,8.942591,4.0082684,1601283204408
-0.3668955,8.9435215,4.006146,1601283204416
-0.36732554,8.944119,4.0047693,1601283204419
-0.3674414,8.944373,4.004192,1601283204424
-0.36721313,8.94432,4.004334,1601283204431
-0.3665375,8.943946,4.005231,1601283204434
-0.36546785,8.943413,4.006519,1601283204439
-0.36423078,8.942825,4.0079427,1601283204445
-0.36302638,8.942283,4.0092626,1601283204449
-0.36194268,8.941903,4.010205,1601283204455
-0.36105806,8.941672,4.0108004,1601283204461
-0.36035168,8.941577,4.011077,1601283204464
-0.35989612,8.941647,4.0109606,1601283204468
-0.35973924,8.941872,4.0104747,1601283204475
-0.35997593,8.942177,4.0097723,1601283204478
-0.36054772,8.942532,4.008929,1601283204487
-0.36138973,8.942915,4.0079985,1601283204490
-0.36264014,8.943285,4.0070596,1601283204495
-0.364141,8.943705,4.005985,1601283204498
-0.36583656,8.944203,4.004718,1601283204503
-0.36742514,8.944843,4.0031457,1601283204512
-0.36888358,8.945575,4.001376,1601283204515
-0.37010518,8.946387,3.9994457,1601283204520
-0.37087387,8.947277,3.997383,1601283204525
-0.3712413,8.9482355,3.995201,1601283204537
-0.37136853,8.949226,3.9929705,1601283204539
-0.37118182,8.950175,3.990859,1601283204545
-0.37086174,8.950992,3.9890606,1601283204547
-0.37046215,8.951649,3.9876223,1601283204551
-0.3699905,8.952081,3.9866967,1601283204560
-0.36946276,8.952286,3.9862869,1601283204562
-0.3689107,8.952288,3.9863334,1601283204564
-0.3684144,8.952069,3.9868665,1601283204570
-0.367902,8.951644,3.9878695,1601283204573
-0.36755434,8.951023,3.9892957,1601283204579
-0.36725557,8.950281,3.9909892,1601283204583
-0.36707118,8.949528,3.9926934,1601283204590
-0.36702597,8.948814,3.9942968,1601283204593
-0.36706322,8.948261,3.9955306,1601283204600
-0.36708513,8.947822,3.996515,1601283204604
-0.36709136,8.947476,3.9972851,1601283204610
-0.3671374,8.947207,3.9978855,1601283204614
-0.36732695,8.946953,3.9984372,1601283204620
-0.36753508,8.946761,3.9988449,1601283204625
-0.367838,8.946682,3.9989963,1601283204629
-0.36832425,8.946634,3.9990573,1601283204634
-0.36907202,8.946585,3.999099,1601283204639
-0.37012684,8.946546,3.9990888,1601283204646
-0.37146348,8.946501,3.999064,1601283204648
-0.3730501,8.946397,3.9991524,1601283204655
-0.37482148,8.946184,3.99946,1601283204660
-0.37646466,8.945802,4.0001616,1601283204667
-0.37783358,8.945273,4.001214,1601283204669
-0.37888342,8.944601,4.002618,1601283204673
-0.3793742,8.943864,4.004218,1601283204684
-0.37939334,8.943104,4.005915,1601283204686
-0.379161,8.942234,4.0078764,1601283204689
-0.37853044,8.941377,4.009847,1601283204694
-0.37761575,8.940568,4.011739,1601283204698
-0.37653244,8.939912,4.0133023,1601283204704
-0.37570682,8.939494,4.014308,1601283204713
-0.3752412,8.939416,4.0145273,1601283204716
-0.37537867,8.939681,4.0139246,1601283204719
-0.3759423,8.940346,4.0123897,1601283204723
-0.37697884,8.941341,4.010071,1601283204730
-0.3781678,8.942607,4.007139,1601283204735
-0.3793071,8.944054,4.003799,1601283204738
-0.38021913,8.945586,4.0002885,1601283204745
-0.38082054,8.94703,3.9970002,1601283204750
-0.3809874,8.948303,3.9941351,1601283204754
-0.38076082,8.949352,3.9918036,1601283204763
-0.38010475,8.950038,3.9903295,1601283204767
-0.3790339,8.950316,3.9898062,1601283204770
-0.37771136,8.950139,3.9903293,1601283204773
-0.37600842,8.949598,3.9917028,1601283204782
-0.37396684,8.948711,3.9938843,1601283204785
-0.37179783,8.947503,3.9967916,1601283204792
-0.36950758,8.94605,4.000257,1601283204799
-0.36724055,8.94441,4.004128,1601283204801
-0.3650571,8.942653,4.008252,1601283204804
-0.36296946,8.940847,4.012466,1601283204811
-0.36106843,8.939141,4.016438,1601283204813
-0.35939357,8.937572,4.0200777,1601283204820
-0.35797453,8.936301,4.023029,1601283204825
-0.3568556,8.935429,4.025066,1601283204830
-0.35596988,8.9350195,4.026051,1601283204835
-0.35533392,8.935105,4.025919,1601283204839
-0.35492715,8.935686,4.024665,1601283204849
-0.3547397,8.936751,4.0223155,1601283204854
-0.35465798,8.938116,4.019289,1601283204855
-0.35481143,8.939606,4.0159626,1601283204862
-0.35518768,8.941036,4.0127435,1601283204864
-0.35570392,8.942205,4.0100884,1601283204873
-0.35637704,8.94296,4.00835,1601283204876
-0.3570977,8.943245,4.007646,1601283204885
-0.3579436,8.943052,4.0080028,1601283204888
-0.3588312,8.942441,4.0092854,1601283204892
-0.35983318,8.941474,4.011351,1601283204895
-0.36081356,8.9402485,4.0139947,1601283204906
-0.3617201,8.938833,4.017066,1601283204909
-0.36264795,8.9372635,4.0204716,1601283204911
-0.36359045,8.935638,4.0239964,1601283204917
-0.36460975,8.934038,4.0274577,1601283204919
-0.36563274,8.932582,4.030594,1601283204929
-0.36661637,8.931272,4.033408,1601283204934
-0.36757818,8.930083,4.035951,1601283204936
-0.36852354,8.929052,4.038144,1601283204941
-0.36949134,8.928193,4.0399566,1601283204948
-0.37038758,8.927419,4.041584,1601283204950
-0.3712574,8.926715,4.0430555,1601283204956
-0.37204662,8.926162,4.0442057,1601283204962
-0.37261474,8.92576,4.045039,1601283204964
-0.3730773,8.925572,4.045412,1601283204969
-0.373451,8.925597,4.045323,1601283204979
-0.37367818,8.925801,4.0448513,1601283204983
-0.3739903,8.92612,4.0441194,1601283204986
-0.37430462,8.926535,4.0431757,1601283204992
-0.37455493,8.926968,4.0421977,1601283204996
-0.37485793,8.927344,4.041336,1601283205006
-0.37522087,8.927644,4.0406413,1601283205009
-0.37563196,8.927811,4.0402317,1601283205014
-0.3760997,8.927813,4.0401864,1601283205017
-0.37659588,8.927573,4.0406656,1601283205022
-0.37709472,8.927043,4.0417924,1601283205034
-0.37751597,8.926159,4.043705,1601283205037
-0.3776539,8.924995,4.046261,1601283205038
-0.37751254,8.923676,4.0491843,1601283205041
-0.3771032,8.922306,4.05224,1601283205050
-0.37638593,8.921124,4.054906,1601283205054
-0.3754309,8.920301,4.0568056,1601283205056
-0.37419626,8.919928,4.0577407,1601283205064
-0.37279832,8.9201,4.0574923,1601283205066
-0.37120992,8.920788,4.0561223,1601283205070
-0.3695263,8.921929,4.053767,1601283205075
-0.36782026,8.923428,4.05062,1601283205079
-0.36624753,8.925146,4.0469775,1601283205084
-0.36496356,8.926896,4.043231,1601283205094
-0.36404806,8.928515,4.0397363,1601283205096
-0.3634782,8.929916,4.0366898,1601283205100
-0.36323676,8.930996,4.0343227,1601283205105
-0.3633064,8.931671,4.0328193,1601283205112
-0.36364955,8.931929,4.0322204,1601283205115
-0.3639605,8.931836,4.032397,1601283205121
-0.3641907,8.931411,4.03332,1601283205126
-0.36436677,8.930687,4.034904,1601283205140
-0.36451715,8.929744,4.0369787,1601283205141
-0.3646021,8.928648,4.0393934,1601283205142
-0.36466172,8.927565,4.041781,1601283205146
-0.3645058,8.926516,4.044114,1601283205149
-0.36441463,8.925517,4.0463233,1601283205157
-0.36427274,8.924651,4.0482464,1601283205161
-0.36423337,8.923915,4.0498705,1601283205166
-0.36433282,8.923311,4.051194,1601283205171
-0.36451918,8.9228525,4.0521855,1601283205175
-0.36487725,8.922606,4.052694,1601283205179
-0.3654225,8.92254,4.0527945,1601283205185
-0.3662231,8.92269,4.0523906,1601283205193
-0.36725852,8.923052,4.0514994,1601283205195
-0.36832213,8.92366,4.0500627,1601283205200
-0.36947545,8.924453,4.0482116,1601283205205
-0.37057188,8.9252825,4.0462813,1601283205211
-0.37151873,8.92605,4.044502,1601283205215
-0.37224033,8.926582,4.0432615,1601283205220
-0.37252223,8.926751,4.04286,1601283205226
-0.37233576,8.926515,4.0434027,1601283205230
-0.3719177,8.925879,4.044843,1601283205236
-0.3714532,8.924894,4.0470567,1601283205242
-0.37102532,8.923612,4.0499253,1601283205246
-0.3707874,8.922116,4.05324,1601283205251
-0.370966,8.920528,4.0567164,1601283205259
-0.37153065,8.918948,4.060136,1601283205265
-0.3724302,8.91747,4.0633006,1601283205267
-0.37369326,8.916158,4.066062,1601283205273
-0.37520927,8.915162,4.0681076,1601283205276
-0.37675565,8.914573,4.069256,1601283205285
-0.37818336,8.914414,4.0694695,1601283205290
-0.37933415,8.914695,4.0687466,1601283205296
-0.38014463,8.915379,4.0671725,1601283205298
-0.3804767,8.916465,4.0647597,1601283205305
-0.38056603,8.917935,4.061525,1601283205306
-0.3802681,8.919726,4.0576177,1601283205311
-0.3795711,8.921734,4.053266,1601283205316
-0.3785503,8.923836,4.0487323,1601283205320
-0.37726054,8.925894,4.0443153,1601283205327
-0.3757559,8.927811,4.0402236,1601283205331
-0.3740426,8.9295,4.036647,1601283205335
-0.37218535,8.930845,4.03384,1601283205341
-0.37045094,8.931789,4.031907,1601283205346
-0.3689186,8.932299,4.030921,1601283205351
-0.36772949,8.932362,4.0308924,1601283205359
-0.3669277,8.932055,4.031641,1601283205362
-0.36650342,8.931407,4.033115,1601283205366
-0.36643186,8.930496,4.0351396,1601283205371
-0.36665517,8.929328,4.0377035,1601283205377
-0.367138,8.928038,4.04051,1601283205381
-0.3678677,8.92679,4.0432005,1601283205386
-0.36894298,8.925656,4.0456057,1601283205391
-0.3701678,8.92471,4.0475802,1601283205401
-0.371394,8.924,4.0490327,1601283205403
-0.37235227,8.9236555,4.0497055,1601283205410
-0.37291813,8.923765,4.0494127,1601283205418
-0.37301683,8.924224,4.0483923,1601283205419
-0.37264815,8.924995,4.0467243,1601283205427
-0.3718705,8.925999,4.0445814,1601283205430
-0.37063318,8.927163,4.0421247,1601283205434
-0.36886486,8.928449,4.0394464,1601283205436
-0.3667208,8.9297695,4.0367208,1601283205441
-0.36446205,8.931011,4.0341787,1601283205446
-0.36236107,8.932107,4.031942,1601283205451
-0.3605805,8.932969,4.030188,1601283205461
-0.35917258,8.933577,4.028968,1601283205464
-0.3580912,8.933842,4.0284767,1601283205466
-0.35733497,8.933725,4.0288043,1601283205475
-0.35681504,8.933254,4.0298905,1601283205477
-0.35645723,8.932429,4.0317545,1601283205481
-0.35640126,8.931288,4.0342865,1601283205486
-0.35654938,8.929854,4.037445,1601283205494
-0.3567678,8.928205,4.041074,1601283205496
-0.35702026,8.926416,4.045,1601283205501
-0.35726067,8.924693,4.048777,1601283205509
-0.3574895,8.923092,4.0522866,1601283205513
-0.35783017,8.921655,4.055419,1601283205517
-0.35823613,8.92049,4.057943,1601283205525
-0.35860923,8.91961,4.0598464,1601283205529
-0.35895452,8.919109,4.060917,1601283205532
-0.35919833,8.91897,4.0611987,1601283205537
-0.35930872,8.919214,4.060653,1601283205544
-0.3592567,8.919737,4.05951,1601283205547
-0.359005,8.920497,4.0578623,1601283205551
-0.3585544,8.921438,4.055833,1601283205561
-0.35778785,8.922388,4.0538096,1601283205563
-0.35673043,8.923352,4.051777,1601283205566
-0.3554632,8.924222,4.0499744,1601283205573
-0.35413736,8.924896,4.048605,1601283205581
-0.35289454,8.925353,4.0477066,1601283205582
-0.35180846,8.925526,4.047421,1601283205586
-0.35101712,8.925373,4.047824,1601283205593
-0.35053638,8.924851,4.049016,1601283205596
-0.35043785,8.924115,4.050649,1601283205601
-0.3506597,8.923236,4.052565,1601283205608
-0.3512438,8.922286,4.0546064,1601283205612
-0.35213566,8.921292,4.056715,1601283205617
-0.35320267,8.920381,4.058626,1601283205623
-0.35431525,8.919603,4.060236,1601283205627
-0.3553279,8.919045,4.061373,1601283205630
-0.3562088,8.918722,4.0620084,1601283205641
-0.35694742,8.9186,4.0622087,1601283205642
-0.35750315,8.9187,4.061941,1601283205648
-0.35782155,8.918978,4.061303,1601283205652
-0.35799545,8.919376,4.060413,1601283205658
-0.35791922,8.9198265,4.059429,1601283205661
-0.35782376,8.920326,4.0583396,1601283205668
-0.35767215,8.920785,4.057344,1601283205674
-0.35751703,8.921152,4.0565515,1601283205678
-0.35735467,8.9213915,4.056041,1601283205688
-0.3572711,8.9214115,4.0560017,1601283205690
-0.3573898,8.921176,4.0565104,1601283205693
-0.357704,8.9206505,4.0576396,1601283205699
-0.35843912,8.919853,4.059327,1601283205703
-0.3594417,8.918873,4.061391,1601283205710
-0.3606514,8.917786,4.063671,1601283205714
-0.3619436,8.916727,4.0658793,1601283205721
-0.3632978,8.915772,4.0678477,1601283205724
-0.36451033,8.914992,4.0694513,1601283205727
-0.36552694,8.914448,4.070553,1601283205734
-0.3662611,8.914221,4.0709853,1601283205736
-0.36660326,8.914388,4.070587,1601283205741
-0.36664864,8.914952,4.0693474,1601283205746
-0.36644298,8.915842,4.0674143,1601283205750
-0.36601308,8.916972,4.064976,1601283205757
-0.3653381,8.918244,4.0622454,1601283205762
-0.36446074,8.919538,4.059483,1601283205767
-0.36340016,8.920809,4.0567846,1601283205773
-0.36233664,8.921937,4.0543976,1601283205776
-0.36138296,8.9228735,4.0524216,1601283205783
-0.36062622,8.923531,4.051041,1601283205789
-0.35984048,8.923885,4.05033,1601283205793
-0.35907084,8.9239,4.050367,1601283205797
-0.3585574,8.923576,4.0511246,1601283205802
-0.3581452,8.922848,4.0527663,1601283205812
-0.3579361,8.921881,4.0549145,1601283205815
-0.3579743,8.920732,4.057435,1601283205817
-0.35818785,8.919523,4.060074,1601283205829
-0.358433,8.918342,4.0626473,1601283205837
-0.35854515,8.9172325,4.0650697,1601283205841
-0.35840032,8.91629,4.067148,1601283205843
-0.35798112,8.915598,4.0687027,1601283205845
-0.35729277,8.915148,4.069749,1601283205847
