0.042373657,-0.014816284,-0.009674072,1601283196874
0.018936157,-0.014816284,-0.007537842,1601283196881
-0.004501343,-0.011627197,-0.0064697266,1601283196884
-0.025802612,-0.00843811,-0.007537842,1601283196887
-0.043914795,-0.0030975342,-0.0107421875,1601283196889
-0.055633545,0.00541687,-0.01499939,1601283196904
-0.062026978,0.01713562,-0.019256592,1601283196907
-0.06416321,0.024597168,-0.02671814,1601283196909
-0.062026978,0.02885437,-0.03630066,1601283196912
-0.05670166,0.02671814,-0.04588318,1601283196914
-0.049240112,0.022460938,-0.053344727,1601283196922
-0.038589478,0.018203735,-0.05760193,1601283196925
-0.026870728,0.012878418,-0.060806274,1601283196929
-0.015151978,0.009674072,-0.05973816,1601283196936
-0.0034332275,0.0064849854,-0.055480957,1601283196937
0.008285522,0.004348755,-0.046951294,1601283196942
0.018936157,9.1552734E-5,-0.035232544,1601283196951
0.027450562,-0.0030975342,-0.022460938,1601283196953
0.033843994,-0.00630188,-0.007537842,1601283196961
0.03916931,-0.00843811,0.00630188,1601283196963
0.041305542,-0.009490967,0.019088745,1601283196971
0.041305542,-0.010559082,0.02973938,1601283196974
0.03916931,-0.011627197,0.037200928,1601283196979
0.03491211,-0.0126953125,0.042526245,1601283196987
0.030654907,-0.0126953125,0.042526245,1601283196988
0.026382446,-0.010559082,0.03933716,1601283196992
0.020004272,-0.009490967,0.03187561,1601283197002
0.011474609,-0.007369995,0.021224976,1601283197004
0.0018920898,-0.007369995,0.009506226,1601283197008
-0.0077056885,-0.00630188,-0.0011444092,1601283197018
-0.015151978,-0.0041656494,-0.0107421875,1601283197022
-0.02154541,-9.765625E-4,-0.018188477,1601283197025
-0.024749756,0.0032806396,-0.02458191,1601283197031
-0.025802612,0.0064849854,-0.028839111,1601283197035
-0.025802612,0.008605957,-0.030975342,1601283197044
-0.024749756,0.0107421875,-0.029907227,1601283197047
-0.022613525,0.011810303,-0.02671814,1601283197050
-0.019424438,0.011810303,-0.021392822,1601283197059
-0.017288208,0.0107421875,-0.016067505,1601283197065
-0.016220093,0.008605957,-0.0107421875,1601283197068
-0.017288208,0.00541687,-0.00541687,1601283197070
-0.016220093,0.004348755,-7.6293945E-5,1601283197080
-0.011962891,0.004348755,0.004180908,1601283197083
-0.0077056885,0.0032806396,0.00843811,1601283197085
-0.0034332275,0.001159668,0.009506226,1601283197087
-0.0013122559,9.1552734E-5,0.009506226,1601283197096
-0.0013122559,9.1552734E-5,0.00843811,1601283197100
-0.0034332275,0.0022277832,0.00630188,1601283197102
-0.0066375732,0.004348755,0.0020446777,1601283197109
-0.013031006,0.0032806396,-0.0032806396,1601283197113
-0.02154541,9.1552734E-5,-0.011795044,1601283197118
-0.029006958,-0.00630188,-0.020324707,1601283197124
-0.038589478,-0.00843811,-0.028839111,1601283197130
-0.048171997,-0.007369995,-0.03630066,1601283197134
-0.05670166,-0.0030975342,-0.041625977,1601283197138
-0.065216064,0.0022277832,-0.044830322,1601283197144
-0.07055664,0.0075531006,-0.04588318,1601283197150
-0.07374573,0.0107421875,-0.04588318,1601283197158
-0.07481384,0.0107421875,-0.043762207,1601283197159
-0.07374573,0.008605957,-0.041625977,1601283197166
-0.0716095,0.0032806396,-0.039505005,1601283197169
-0.067352295,-0.0030975342,-0.03630066,1601283197175
-0.06309509,-0.009490967,-0.032043457,1601283197182
-0.05883789,-0.016952515,-0.029907227,1601283197185
-0.052444458,-0.024414062,-0.02671814,1601283197190
-0.043914795,-0.025482178,-0.023513794,1601283197202
-0.032196045,-0.022277832,-0.020324707,1601283197204
-0.018356323,-0.0158844,-0.017120361,1601283197206
-0.002380371,-0.009490967,-0.013931274,1601283197208
0.01361084,-0.0052337646,-0.011795044,1601283197216
0.029586792,-0.0030975342,-0.0107421875,1601283197219
0.040237427,-0.0020446777,-0.0107421875,1601283197222
0.047698975,-0.0020446777,-0.011795044,1601283197230
0.04876709,-0.0020446777,-0.013931274,1601283197233
0.04449463,-0.0030975342,-0.016067505,1601283197240
0.033843994,-0.0030975342,-0.018188477,1601283197244
0.021057129,-0.0020446777,-0.019256592,1601283197255
0.0050811768,9.1552734E-5,-0.020324707,1601283197260
-0.011962891,0.0032806396,-0.020324707,1601283197262
-0.027938843,0.0064849854,-0.020324707,1601283197264
-0.041793823,0.009674072,-0.018188477,1601283197274
-0.050308228,0.011810303,-0.01499939,1601283197277
-0.053512573,0.011810303,-0.0107421875,1601283197278
-0.052444458,0.008605957,-0.00541687,1601283197284
-0.04711914,0.0022277832,-7.6293945E-5,1601283197288
-0.037521362,-0.0052337646,0.0052490234,1601283197295
-0.026870728,-0.011627197,0.010574341,1601283197298
-0.014083862,-0.0158844,0.014831543,1601283197303
8.239746E-4,-0.019088745,0.019088745,1601283197312
0.016799927,-0.019088745,0.02229309,1601283197314
0.03277588,-0.019088745,0.02229309,1601283197319
0.04876709,-0.019088745,0.02015686,1601283197323
0.059417725,-0.016952515,0.016967773,1601283197330
0.06686401,-0.0158844,0.011642456,1601283197334
0.069000244,-0.011627197,0.007369995,1601283197338
0.06793213,-0.007369995,0.0020446777,1601283197348
0.06367493,-0.0030975342,-0.0022125244,1601283197350
0.05621338,9.1552734E-5,-0.00541687,1601283197354
0.04663086,0.0032806396,-0.008605957,1601283197358
0.03491211,0.0064849854,-0.009674072,1601283197370
0.021057129,0.011810303,-0.009674072,1601283197374
0.0050811768,0.016067505,-0.007537842,1601283197375
-0.010894775,0.01713562,-0.004348755,1601283197380
-0.026870728,0.016067505,-0.0011444092,1601283197384
-0.039657593,0.013946533,9.765625E-4,1601283197389
-0.050308228,0.012878418,0.003112793,1601283197393
-0.05670166,0.012878418,0.003112793,1601283197398
-0.059890747,0.012878418,0.003112793,1601283197405
-0.059890747,0.011810303,0.0020446777,1601283197412
-0.05883789,0.0107421875,-0.0011444092,1601283197415
-0.05883789,0.008605957,-0.0032806396,1601283197418
-0.060958862,0.0064849854,-0.0064697266,1601283197423
-0.060958862,0.004348755,-0.009674072,1601283197429
-0.05883789,0.0022277832,-0.011795044,1601283197433
-0.053512573,9.1552734E-5,-0.01499939,1601283197439
-0.046051025,-9.765625E-4,-0.017120361,1601283197444
-0.036468506,-0.0041656494,-0.018188477,1601283197453
-0.024749756,-0.0052337646,-0.018188477,1601283197455
-0.013031006,-0.0030975342,-0.01499939,1601283197463
-2.4414062E-4,0.0032806396,-0.0107421875,1601283197465
0.012542725,0.009674072,-0.007537842,1601283197469
0.02532959,0.011810303,-0.0032806396,1601283197480
0.03491211,0.0107421875,-0.0011444092,1601283197482
0.043426514,0.0075531006,0.0020446777,1601283197485
0.05088806,0.0064849854,0.003112793,1601283197489
0.055145264,0.00541687,0.0052490234,1601283197495
0.05621338,0.00541687,0.0052490234,1601283197504
0.053024292,0.004348755,0.007369995,1601283197506
0.047698975,0.0032806396,0.00630188,1601283197508
0.038101196,0.001159668,0.0052490234,1601283197515
0.026382446,9.1552734E-5,0.004180908,1601283197519
0.014678955,9.1552734E-5,0.004180908,1601283197529
0.0040130615,0.0022277832,0.004180908,1601283197530
-0.0077056885,0.0032806396,0.003112793,1601283197534
-0.019424438,0.00541687,-7.6293945E-5,1601283197539
-0.03112793,0.008605957,-0.0022125244,1601283197549
-0.039657593,0.012878418,-0.00541687,1601283197551
-0.04498291,0.016067505,-0.0064697266,1601283197556
-0.046051025,0.01499939,-0.008605957,1601283197560
-0.04498291,0.011810303,-0.0107421875,1601283197568
-0.040725708,0.00541687,-0.011795044,1601283197570
-0.034332275,-9.765625E-4,-0.011795044,1601283197576
-0.026870728,-0.0052337646,-0.011795044,1601283197584
-0.019424438,-0.00843811,-0.008605957,1601283197586
-0.013031006,-0.011627197,-0.0064697266,1601283197589
-0.0066375732,-0.013763428,-0.004348755,1601283197599
-0.002380371,-0.0126953125,-0.0032806396,1601283197601
8.239746E-4,-0.00843811,-0.0011444092,1601283197605
0.0040130615,-0.0041656494,-7.6293945E-5,1601283197611
0.007217407,-9.765625E-4,9.765625E-4,1601283197619
0.009338379,0.001159668,-7.6293945E-5,1601283197620
0.011474609,9.1552734E-5,-0.0011444092,1601283197627
0.010406494,-0.0030975342,-0.0022125244,1601283197629
0.009338379,-0.0041656494,-0.004348755,1601283197634
0.007217407,-0.0052337646,-0.004348755,1601283197639
0.0050811768,-0.00630188,-0.00541687,1601283197644
0.002960205,-0.009490967,-0.00541687,1601283197648
0.0018920898,-0.019088745,-0.004348755,1601283197654
8.239746E-4,-0.028671265,-0.0011444092,1601283197660
-2.4414062E-4,-0.036132812,9.765625E-4,1601283197664
-0.002380371,-0.040390015,0.0020446777,1601283197669
-0.0077056885,-0.038253784,-7.6293945E-5,1601283197678
-0.015151978,-0.032928467,-0.0022125244,1601283197679
-0.027938843,-0.022277832,-0.004348755,1601283197684
-0.04284668,-0.010559082,-0.007537842,1601283197689
-0.057769775,0.001159668,-0.0107421875,1601283197696
-0.07267761,0.009674072,-0.013931274,1601283197699
-0.08332825,0.01499939,-0.017120361,1601283197705
-0.08972168,0.01713562,-0.017120361,1601283197711
-0.090789795,0.01713562,-0.017120361,1601283197719
-0.08653259,0.013946533,-0.013931274,1601283197721
-0.07800293,0.009674072,-0.0107421875,1601283197729
-0.06416321,0.0032806396,-0.0064697266,1601283197730
-0.048171997,-0.0041656494,-0.0011444092,1601283197735
-0.029006958,-0.009490967,0.0020446777,1601283197739
-0.00982666,-0.0126953125,0.004180908,1601283197748
0.007217407,-0.0158844,0.004180908,1601283197749
0.02319336,-0.016952515,0.003112793,1601283197754
0.03491211,-0.019088745,-0.0011444092,1601283197761
0.041305542,-0.022277832,-0.00541687,1601283197765
0.04449463,-0.024414062,-0.007537842,1601283197770
0.042373657,-0.025482178,-0.0107421875,1601283197781
0.03491211,-0.024414062,-0.013931274,1601283197783
0.02532959,-0.021209717,-0.01499939,1601283197786
0.01361084,-0.016952515,-0.013931274,1601283197789
0.0018920898,-0.011627197,-0.011795044,1601283197796
-0.00982666,-0.00843811,-0.007537842,1601283197800
-0.020477295,-0.0041656494,-0.0011444092,1601283197806
-0.027938843,9.1552734E-5,0.0052490234,1601283197811
-0.032196045,0.004348755,0.010574341,1601283197815
-0.03112793,0.008605957,0.014831543,1601283197821
-0.026870728,0.013946533,0.01802063,1601283197828
-0.019424438,0.018203735,0.01802063,1601283197830
-0.008758545,0.01927185,0.014831543,1601283197839
0.0050811768,0.01713562,0.010574341,1601283197843
0.022125244,0.012878418,0.00630188,1601283197845
0.03916931,0.00541687,9.765625E-4,1601283197853
0.057281494,-0.0052337646,-0.0011444092,1601283197856
0.07325745,-0.01802063,-0.0032806396,1601283197862
0.0849762,-0.030807495,-0.00541687,1601283197866
0.09136963,-0.04145813,-0.007537842,1601283197869
0.094558716,-0.046783447,-0.008605957,1601283197876
0.09136963,-0.046783447,-0.008605957,1601283197879
0.0849762,-0.042526245,-0.007537842,1601283197887
0.07539368,-0.038253784,-0.0064697266,1601283197891
0.06367493,-0.032928467,-0.00541687,1601283197901
0.05088806,-0.026535034,-0.00541687,1601283197903
0.03704834,-0.019088745,-0.0064697266,1601283197905
0.026382446,-0.013763428,-0.007537842,1601283197912
0.017868042,-0.010559082,-0.008605957,1601283197914
0.012542725,-0.011627197,-0.011795044,1601283197921
0.007217407,-0.014816284,-0.01499939,1601283197926
0.0040130615,-0.019088745,-0.019256592,1601283197931
8.239746E-4,-0.023345947,-0.021392822,1601283197936
-2.4414062E-4,-0.023345947,-0.023513794,1601283197940
-0.0013122559,-0.022277832,-0.025650024,1601283197946
-0.0013122559,-0.019088745,-0.025650024,1601283197951
8.239746E-4,-0.0158844,-0.02458191,1601283197956
0.002960205,-0.011627197,-0.022460938,1601283197963
0.007217407,-0.007369995,-0.018188477,1601283197966
0.011474609,-0.0030975342,-0.013931274,1601283197970
0.016799927,9.1552734E-5,-0.008605957,1601283197977
0.021057129,0.001159668,-0.0032806396,1601283197980
0.026382446,0.001159668,0.0020446777,1601283197984
0.030654907,-9.765625E-4,0.00630188,1601283197993
0.031723022,-0.0041656494,0.009506226,1601283197997
0.030654907,-0.009490967,0.010574341,1601283198002
0.024261475,-0.014816284,0.011642456,1601283198005
0.014678955,-0.020141602,0.010574341,1601283198013
0.002960205,-0.025482178,0.009506226,1601283198016
-0.00982666,-0.028671265,0.00843811,1601283198022
-0.02154541,-0.028671265,0.007369995,1601283198033
-0.03112793,-0.026535034,0.007369995,1601283198036
-0.037521362,-0.026535034,0.007369995,1601283198042
-0.039657593,-0.028671265,0.00630188,1601283198044
-0.040725708,-0.032928467,0.00630188,1601283198046
-0.038589478,-0.033996582,0.007369995,1601283198057
-0.03540039,-0.03186035,0.00843811,1601283198062
-0.030075073,-0.02760315,0.010574341,1601283198064
-0.022613525,-0.021209717,0.014831543,1601283198065
-0.013031006,-0.014816284,0.019088745,1601283198072
-2.4414062E-4,-0.010559082,0.023345947,1601283198083
0.014678955,-0.0052337646,0.027618408,1601283198085
0.030654907,-9.765625E-4,0.02973938,1601283198089
0.043426514,9.1552734E-5,0.032943726,1601283198091
0.051956177,9.1552734E-5,0.037200928,1601283198095
0.057281494,-0.0020446777,0.03933716,1601283198102
0.057281494,-0.0052337646,0.04145813,1601283198110
0.054092407,-0.009490967,0.04145813,1601283198112
0.047698975,-0.011627197,0.040390015,1601283198115
0.040237427,-0.0126953125,0.036132812,1601283198120
0.03277588,-0.0126953125,0.03187561,1601283198126
0.022125244,-0.010559082,0.025482178,1601283198130
0.010406494,-0.00843811,0.02015686,1601283198135
-0.0013122559,-0.00630188,0.014831543,1601283198142
-0.013031006,-0.0041656494,0.011642456,1601283198146
-0.024749756,-9.765625E-4,0.00843811,1601283198150
-0.034332275,0.0032806396,0.00630188,1601283198162
-0.041793823,0.00541687,0.004180908,1601283198163
-0.049240112,0.0064849854,0.003112793,1601283198166
-0.052444458,0.00541687,9.765625E-4,1601283198173
-0.051376343,0.0032806396,-7.6293945E-5,1601283198177
-0.049240112,0.004348755,-0.0022125244,1601283198186
-0.04498291,0.0064849854,-0.0032806396,1601283198188
-0.040725708,0.0107421875,-0.00541687,1601283198192
-0.038589478,0.016067505,-0.0064697266,1601283198198
-0.036468506,0.018203735,-0.007537842,1601283198201
-0.03326416,0.018203735,-0.007537842,1601283198206
-0.027938843,0.016067505,-0.0064697266,1601283198210
-0.022613525,0.012878418,-0.0064697266,1601283198215
-0.015151978,0.008605957,-0.004348755,1601283198219
-0.0066375732,0.0064849854,-0.0022125244,1601283198227
0.002960205,0.004348755,9.765625E-4,1601283198231
0.011474609,0.004348755,0.004180908,1601283198235
0.020004272,0.0032806396,0.007369995,1601283198241
0.02532959,9.1552734E-5,0.009506226,1601283198246
0.028518677,-0.0041656494,0.013763428,1601283198250
0.028518677,-0.00630188,0.015899658,1601283198263
0.024261475,-0.007369995,0.016967773,1601283198265
0.014678955,-0.0052337646,0.015899658,1601283198268
0.0018920898,-9.765625E-4,0.013763428,1601283198276
-0.014083862,0.00541687,0.009506226,1601283198278
-0.029006958,0.011810303,0.0052490234,1601283198282
-0.040725708,0.016067505,0.0020446777,1601283198287
-0.049240112,0.01927185,-0.0022125244,1601283198293
-0.05456543,0.01927185,-0.00541687,1601283198296
-0.055633545,0.01713562,-0.008605957,1601283198303
-0.051376343,0.011810303,-0.0107421875,1601283198308
-0.04284668,0.00541687,-0.012863159,1601283198314
-0.03112793,-0.0030975342,-0.013931274,1601283198319
-0.017288208,-0.010559082,-0.012863159,1601283198325
-0.0013122559,-0.01802063,-0.011795044,1601283198327
0.012542725,-0.021209717,-0.009674072,1601283198332
0.024261475,-0.023345947,-0.008605957,1601283198338
0.03277588,-0.024414062,-0.0064697266,1601283198344
0.03704834,-0.026535034,-0.00541687,1601283198347
0.03704834,-0.02760315,-0.004348755,1601283198352
0.035980225,-0.02973938,-0.0022125244,1601283198360
0.03491211,-0.03186035,-7.6293945E-5,1601283198363
0.033843994,-0.032928467,0.0020446777,1601283198368
0.03491211,-0.032928467,0.004180908,1601283198374
0.035980225,-0.033996582,0.0052490234,1601283198376
0.035980225,-0.035064697,0.00630188,1601283198382
0.03704834,-0.035064697,0.00630188,1601283198388
0.03704834,-0.035064697,0.0052490234,1601283198394
0.03491211,-0.033996582,0.003112793,1601283198397
0.030654907,-0.03186035,9.765625E-4,1601283198403
0.024261475,-0.02760315,-0.0032806396,1601283198411
0.016799927,-0.021209717,-0.007537842,1601283198414
0.010406494,-0.013763428,-0.0107421875,1601283198419
0.0040130615,-0.0041656494,-0.013931274,1601283198423
-2.4414062E-4,0.0022277832,-0.01499939,1601283198433
-0.002380371,0.0064849854,-0.016067505,1601283198437
-0.0013122559,0.0075531006,-0.018188477,1601283198440
0.0018920898,0.0064849854,-0.018188477,1601283198444
0.006149292,0.004348755,-0.018188477,1601283198452
0.011474609,0.0022277832,-0.017120361,1601283198453
0.015731812,0.001159668,-0.018188477,1601283198459
0.020004272,9.1552734E-5,-0.018188477,1601283198461
0.024261475,-9.765625E-4,-0.018188477,1601283198467
0.027450562,-0.0030975342,-0.019256592,1601283198474
0.028518677,-0.007369995,-0.020324707,1601283198480
0.028518677,-0.011627197,-0.021392822,1601283198481
0.026382446,-0.013763428,-0.022460938,1601283198487
0.02319336,-0.014816284,-0.023513794,1601283198492
0.017868042,-0.0126953125,-0.023513794,1601283198498
0.012542725,-0.009490967,-0.022460938,1601283198501
0.006149292,-0.0041656494,-0.021392822,1601283198510
-2.4414062E-4,0.001159668,-0.020324707,1601283198512
-0.0066375732,0.0064849854,-0.020324707,1601283198517
-0.011962891,0.009674072,-0.021392822,1601283198523
-0.016220093,0.008605957,-0.023513794,1601283198527
-0.020477295,0.0064849854,-0.027786255,1601283198531
-0.024749756,0.0022277832,-0.032043457,1601283198541
-0.032196045,-0.00630188,-0.039505005,1601283198543
-0.04284668,-0.014816284,-0.04588318,1601283198547
-0.055633545,-0.022277832,-0.05227661,1601283198552
-0.067352295,-0.025482178,-0.05760193,1601283198558
-0.076934814,-0.025482178,-0.058670044,1601283198567
-0.08332825,-0.020141602,-0.05760193,1601283198569
-0.08653259,-0.0126953125,-0.05441284,1601283198577
-0.08439636,-0.0052337646,-0.049087524,1601283198580
-0.079071045,0.0022277832,-0.041625977,1601283198583
-0.06842041,0.008605957,-0.032043457,1601283198589
-0.053512573,0.0107421875,-0.023513794,1601283198593
-0.03540039,0.009674072,-0.01499939,1601283198597
-0.016220093,0.0064849854,-0.007537842,1601283198602
0.002960205,0.001159668,-7.6293945E-5,1601283198609
0.020004272,-0.0030975342,0.004180908,1601283198611
0.03491211,-0.0052337646,0.00843811,1601283198616
0.04663086,-0.00630188,0.010574341,1601283198624
0.053024292,-0.0052337646,0.010574341,1601283198627
0.054092407,-0.0030975342,0.010574341,1601283198632
0.05088806,9.1552734E-5,0.010574341,1601283198644
0.043426514,0.004348755,0.010574341,1601283198645
0.03277588,0.0075531006,0.0126953125,1601283198648
0.022125244,0.008605957,0.014831543,1601283198653
0.011474609,0.0075531006,0.01802063,1601283198659
0.0018920898,0.0064849854,0.02229309,1601283198662
-0.0066375732,0.00541687,0.024414062,1601283198667
-0.016220093,0.00541687,0.026550293,1601283198674
-0.024749756,0.0064849854,0.025482178,1601283198685
-0.03326416,0.008605957,0.024414062,1601283198688
-0.038589478,0.0107421875,0.021224976,1601283198691
-0.041793823,0.0107421875,0.019088745,1601283198695
-0.040725708,0.0107421875,0.015899658,1601283198697
-0.037521362,0.009674072,0.013763428,1601283198703
-0.032196045,0.0075531006,0.011642456,1601283198716
-0.024749756,0.0064849854,0.009506226,1601283198722
-0.016220093,0.00541687,0.00843811,1601283198724
-0.0077056885,0.004348755,0.00843811,1601283198726
8.239746E-4,0.0022277832,0.00843811,1601283198730
0.007217407,-9.765625E-4,0.010574341,1601283198733
0.012542725,-0.0030975342,0.013763428,1601283198740
0.015731812,-0.0020446777,0.016967773,1601283198742
0.017868042,0.0022277832,0.02015686,1601283198749
0.018936157,0.0064849854,0.02229309,1601283198754
0.021057129,0.011810303,0.025482178,1601283198759
0.02532959,0.01499939,0.028686523,1601283198763
0.029586792,0.013946533,0.03187561,1601283198768
0.035980225,0.009674072,0.03187561,1601283198777
0.042373657,0.004348755,0.030807495,1601283198778
0.04663086,-0.0020446777,0.027618408,1601283198782
0.047698975,-0.00843811,0.02229309,1601283198787
0.04663086,-0.0126953125,0.016967773,1601283198791
0.041305542,-0.016952515,0.009506226,1601283198797
0.033843994,-0.019088745,0.0020446777,1601283198807
0.024261475,-0.020141602,-0.004348755,1601283198809
0.016799927,-0.019088745,-0.008605957,1601283198812
0.010406494,-0.01802063,-0.012863159,1601283198816
0.0050811768,-0.016952515,-0.013931274,1601283198825
0.0018920898,-0.0158844,-0.013931274,1601283198827
-0.0013122559,-0.014816284,-0.012863159,1601283198836
-0.005569458,-0.013763428,-0.012863159,1601283198838
-0.00982666,-0.013763428,-0.011795044,1601283198847
-0.013031006,-0.014816284,-0.011795044,1601283198850
-0.015151978,-0.0158844,-0.0107421875,1601283198853
-0.015151978,-0.0158844,-0.009674072,1601283198860
-0.011962891,-0.013763428,-0.009674072,1601283198862
-0.005569458,-0.0126953125,-0.008605957,1601283198867
0.002960205,-0.010559082,-0.0064697266,1601283198873
0.012542725,-0.009490967,-0.00541687,1601283198877
0.022125244,-0.00843811,-0.0032806396,1601283198882
0.031723022,-0.00843811,-0.0011444092,1601283198889
0.03916931,-0.009490967,9.765625E-4,1601283198893
0.04663086,-0.0126953125,0.004180908,1601283198899
0.049819946,-0.0158844,0.0052490234,1601283198908
0.05088806,-0.01802063,0.0052490234,1601283198911
0.04663086,-0.020141602,0.004180908,1601283198914
0.040237427,-0.022277832,0.003112793,1601283198917
0.028518677,-0.025482178,9.765625E-4,1601283198923
0.014678955,-0.028671265,-7.6293945E-5,1601283198929
-2.4414062E-4,-0.030807495,-0.0032806396,1601283198932
-0.015151978,-0.028671265,-0.0064697266,1601283198939
-0.030075073,-0.024414062,-0.009674072,1601283198943
-0.046051025,-0.01802063,-0.0107421875,1601283198947
-0.060958862,-0.010559082,-0.0107421875,1601283198959
-0.07267761,-0.0041656494,-0.008605957,1601283198960
-0.081207275,0.001159668,-0.004348755,1601283198963
-0.08546448,0.0032806396,9.765625E-4,1601283198968
-0.08546448,0.00541687,0.00843811,1601283198977
-0.081207275,0.00541687,0.014831543,1601283198979
-0.07374573,0.0064849854,0.02015686,1601283198984
-0.062026978,0.00541687,0.023345947,1601283198995
-0.049240112,0.0022277832,0.025482178,1601283198998
-0.03540039,-0.0020446777,0.025482178,1601283199002
-0.02154541,-0.0052337646,0.023345947,1601283199005
-0.008758545,-0.00843811,0.021224976,1601283199007
8.239746E-4,-0.009490967,0.016967773,1601283199022
0.007217407,-0.009490967,0.013763428,1601283199024
0.008285522,-0.009490967,0.009506226,1601283199025
0.008285522,-0.00630188,0.00630188,1601283199029
0.006149292,-0.0020446777,0.00630188,1601283199039
0.0018920898,0.0022277832,0.00630188,1601283199041
-2.4414062E-4,0.00541687,0.007369995,1601283199043
-0.0034332275,0.0064849854,0.009506226,1601283199055
-0.005569458,0.004348755,0.0126953125,1601283199057
-0.004501343,0.001159668,0.014831543,1601283199058
-0.004501343,9.1552734E-5,0.015899658,1601283199064
-0.0066375732,9.1552734E-5,0.014831543,1601283199075
-0.0077056885,9.1552734E-5,0.014831543,1601283199080
-0.00982666,9.1552734E-5,0.013763428,1601283199080
-0.013031006,9.1552734E-5,0.0126953125,1601283199083
-0.016220093,9.1552734E-5,0.010574341,1601283199090
-0.019424438,0.0022277832,0.009506226,1601283199093
-0.022613525,0.0032806396,0.007369995,1601283199098
-0.024749756,0.0032806396,0.0052490234,1601283199104
-0.025802612,0.0032806396,0.004180908,1601283199107
-0.024749756,0.0022277832,0.003112793,1601283199112
-0.022613525,0.001159668,9.765625E-4,1601283199124
-0.018356323,9.1552734E-5,-0.0022125244,1601283199126
-0.011962891,-0.0030975342,-0.00541687,1601283199129
-0.004501343,-0.0052337646,-0.008605957,1601283199135
0.002960205,-0.00843811,-0.0107421875,1601283199144
0.009338379,-0.011627197,-0.012863159,1601283199145
0.015731812,-0.014816284,-0.01499939,1601283199147
0.020004272,-0.01802063,-0.017120361,1601283199154
0.021057129,-0.021209717,-0.018188477,1601283199158
0.021057129,-0.023345947,-0.018188477,1601283199166
0.020004272,-0.021209717,-0.019256592,1601283199170
0.015731812,-0.016952515,-0.019256592,1601283199175
0.012542725,-0.011627197,-0.020324707,1601283199183
0.009338379,-0.00630188,-0.020324707,1601283199186
0.006149292,-0.0030975342,-0.020324707,1601283199189
0.0040130615,-0.0020446777,-0.019256592,1601283199200
8.239746E-4,-0.0030975342,-0.019256592,1601283199203
-0.002380371,-0.0041656494,-0.018188477,1601283199206
-0.0066375732,-0.00630188,-0.018188477,1601283199209
-0.00982666,-0.010559082,-0.016067505,1601283199221
-0.014083862,-0.0158844,-0.01499939,1601283199223
-0.016220093,-0.022277832,-0.012863159,1601283199225
-0.016220093,-0.026535034,-0.012863159,1601283199230
-0.014083862,-0.02760315,-0.012863159,1601283199235
-0.011962891,-0.026535034,-0.012863159,1601283199239
-0.0077056885,-0.025482178,-0.01499939,1601283199245
-0.004501343,-0.02760315,-0.016067505,1601283199248
-2.4414062E-4,-0.030807495,-0.018188477,1601283199254
0.0018920898,-0.033996582,-0.018188477,1601283199263
8.239746E-4,-0.036132812,-0.018188477,1601283199265
-2.4414062E-4,-0.038253784,-0.017120361,1601283199270
-0.0013122559,-0.0393219,-0.013931274,1601283199273
-0.0034332275,-0.038253784,-0.011795044,1601283199279
-0.004501343,-0.035064697,-0.009674072,1601283199290
-0.005569458,-0.03186035,-0.009674072,1601283199292
-0.0077056885,-0.02760315,-0.0107421875,1601283199295
-0.010894775,-0.020141602,-0.009674072,1601283199299
-0.014083862,-0.010559082,-0.007537842,1601283199305
-0.016220093,-9.765625E-4,-0.0022125244,1601283199310
-0.017288208,0.0064849854,0.004180908,1601283199314
-0.017288208,0.0107421875,0.009506226,1601283199319
-0.017288208,0.012878418,0.0126953125,1601283199323
-0.018356323,0.013946533,0.014831543,1601283199329
-0.020477295,0.012878418,0.014831543,1601283199335
-0.025802612,0.008605957,0.0126953125,1601283199341
-0.032196045,0.0032806396,0.009506226,1601283199344
-0.037521362,-0.0020446777,0.0052490234,1601283199350
-0.043914795,-0.00630188,9.765625E-4,1601283199359
-0.049240112,-0.007369995,-0.0011444092,1601283199364
-0.052444458,-0.007369995,-0.0032806396,1601283199368
-0.052444458,-0.007369995,-0.0032806396,1601283199371
-0.049240112,-0.007369995,-0.0022125244,1601283199375
-0.04284668,-0.007369995,-0.0011444092,1601283199383
-0.03112793,-0.00843811,0.0020446777,1601283199385
-0.018356323,-0.009490967,0.004180908,1601283199390
-0.004501343,-0.00843811,0.00630188,1601283199393
0.010406494,-0.00630188,0.00843811,1601283199403
0.02319336,-0.0052337646,0.009506226,1601283199408
0.033843994,-0.0030975342,0.009506226,1601283199410
0.042373657,-0.0030975342,0.00843811,1601283199415
0.045562744,-0.0020446777,0.00630188,1601283199427
0.04663086,-0.0020446777,0.003112793,1601283199430
0.04449463,-0.0020446777,-7.6293945E-5,1601283199435
0.038101196,0.001159668,-0.0032806396,1601283199437
0.029586792,0.004348755,-0.00541687,1601283199440
0.018936157,0.0075531006,-0.008605957,1601283199449
0.007217407,0.009674072,-0.011795044,1601283199452
-0.0034332275,0.008605957,-0.012863159,1601283199456
-0.013031006,0.0064849854,-0.013931274,1601283199459
-0.020477295,0.0032806396,-0.01499939,1601283199463
-0.025802612,0.0022277832,-0.012863159,1601283199469
-0.029006958,0.001159668,-0.011795044,1601283199474
-0.032196045,0.0022277832,-0.009674072,1601283199479
-0.03326416,0.004348755,-0.008605957,1601283199489
-0.034332275,0.00541687,-0.008605957,1601283199491
-0.032196045,0.0064849854,-0.009674072,1601283199494
-0.029006958,0.0075531006,-0.0107421875,1601283199503
-0.02368164,0.0064849854,-0.012863159,1601283199506
-0.018356323,0.00541687,-0.01499939,1601283199510
-0.011962891,0.0032806396,-0.017120361,1601283199514
-0.0066375732,0.0022277832,-0.019256592,1601283199523
-0.0013122559,0.0022277832,-0.020324707,1601283199527
0.0018920898,0.001159668,-0.020324707,1601283199528
0.0040130615,0.001159668,-0.018188477,1601283199536
0.007217407,0.001159668,-0.01499939,1601283199540
0.010406494,0.001159668,-0.0107421875,1601283199545
0.015731812,9.1552734E-5,-0.00541687,1601283199555
0.020004272,9.1552734E-5,-7.6293945E-5,1601283199559
0.026382446,-0.0030975342,0.0052490234,1601283199561
0.029586792,-0.00630188,0.009506226,1601283199564
0.03277588,-0.009490967,0.013763428,1601283199575
0.03491211,-0.011627197,0.016967773,1601283199579
0.03491211,-0.0158844,0.01802063,1601283199580
0.03277588,-0.021209717,0.016967773,1601283199589
0.027450562,-0.026535034,0.014831543,1601283199592
0.020004272,-0.030807495,0.011642456,1601283199596
0.010406494,-0.033996582,0.007369995,1601283199602
8.239746E-4,-0.032928467,0.004180908,1601283199603
-0.0077056885,-0.03186035,-7.6293945E-5,1601283199610
-0.017288208,-0.02973938,-0.0032806396,1601283199616
-0.024749756,-0.028671265,-0.00541687,1601283199621
-0.03112793,-0.028671265,-0.0064697266,1601283199624
-0.03540039,-0.02973938,-0.00541687,1601283199630
-0.038589478,-0.028671265,-0.004348755,1601283199638
-0.039657593,-0.02760315,-0.0011444092,1601283199640
-0.039657593,-0.025482178,9.765625E-4,1601283199646
-0.039657593,-0.023345947,0.003112793,1601283199654
-0.038589478,-0.021209717,0.004180908,1601283199658
-0.038589478,-0.019088745,0.003112793,1601283199660
-0.036468506,-0.0158844,0.0020446777,1601283199667
-0.034332275,-0.010559082,-0.0011444092,1601283199671
-0.03112793,-0.007369995,-0.0032806396,1601283199674
-0.025802612,-0.0052337646,-0.0064697266,1601283199679
-0.019424438,-0.00630188,-0.008605957,1601283199689
-0.011962891,-0.007369995,-0.009674072,1601283199691
-0.005569458,-0.00843811,-0.009674072,1601283199695
8.239746E-4,-0.009490967,-0.008605957,1601283199702
0.006149292,-0.010559082,-0.008605957,1601283199704
0.008285522,-0.010559082,-0.008605957,1601283199709
0.008285522,-0.010559082,-0.009674072,1601283199718
0.0050811768,-0.009490967,-0.0107421875,1601283199720
-2.4414062E-4,-0.00630188,-0.0107421875,1601283199725
-0.008758545,-0.0020446777,-0.011795044,1601283199729
-0.018356323,0.0022277832,-0.011795044,1601283199735
-0.027938843,0.00541687,-0.009674072,1601283199744
-0.036468506,0.00541687,-0.008605957,1601283199748
-0.04284668,0.004348755,-0.0064697266,1601283199752
-0.050308228,0.0032806396,-0.004348755,1601283199755
-0.055633545,0.0032806396,-0.0022125244,1601283199764
-0.057769775,0.004348755,-0.0011444092,1601283199766
-0.05670166,0.0064849854,-0.0011444092,1601283199770
-0.053512573,0.008605957,-0.0022125244,1601283199775
-0.048171997,0.0107421875,-0.004348755,1601283199780
-0.041793823,0.013946533,-0.00541687,1601283199790
-0.03540039,0.01713562,-0.0064697266,1601283199792
-0.027938843,0.01927185,-0.0064697266,1601283199794
-0.020477295,0.020324707,-0.00541687,1601283199801
-0.014083862,0.020324707,-0.0032806396,1601283199805
-0.010894775,0.020324707,-0.0011444092,1601283199811
-0.008758545,0.018203735,9.765625E-4,1601283199822
-0.0077056885,0.016067505,0.004180908,1601283199826
-0.0077056885,0.013946533,0.007369995,1601283199828
-0.0077056885,0.0107421875,0.009506226,1601283199833
-0.00982666,0.0107421875,0.010574341,1601283199838
-0.010894775,0.011810303,0.011642456,1601283199841
-0.013031006,0.012878418,0.011642456,1601283199848
-0.015151978,0.011810303,0.010574341,1601283199852
-0.019424438,0.0107421875,0.009506226,1601283199856
-0.022613525,0.009674072,0.009506226,1601283199864
-0.024749756,0.009674072,0.009506226,1601283199868
-0.027938843,0.0107421875,0.009506226,1601283199877
-0.03112793,0.013946533,0.009506226,1601283199879
-0.036468506,0.016067505,0.00843811,1601283199882
-0.041793823,0.018203735,0.00630188,1601283199887
-0.049240112,0.01927185,0.004180908,1601283199891
-0.055633545,0.021392822,0.003112793,1601283199895
-0.060958862,0.023529053,0.003112793,1601283199900
-0.06416321,0.025665283,0.003112793,1601283199905
-0.06628418,0.02671814,0.0052490234,1601283199910
-0.06628418,0.02671814,0.007369995,1601283199917
-0.06309509,0.02671814,0.009506226,1601283199920
-0.05670166,0.023529053,0.011642456,1601283199925
-0.04711914,0.01927185,0.013763428,1601283199934
-0.03326416,0.013946533,0.015899658,1601283199936
-0.017288208,0.008605957,0.01802063,1601283199940
-2.4414062E-4,0.004348755,0.019088745,1601283199945
0.014678955,-9.765625E-4,0.019088745,1601283199953
0.027450562,-0.00630188,0.01802063,1601283199955
0.035980225,-0.009490967,0.014831543,1601283199960
0.040237427,-0.00843811,0.011642456,1601283199967
0.03916931,-0.0052337646,0.00843811,1601283199971
0.03491211,-0.0020446777,0.0052490234,1601283199976
0.028518677,0.001159668,-7.6293945E-5,1601283199984
0.020004272,0.0032806396,-0.004348755,1601283199987
0.011474609,0.0032806396,-0.008605957,1601283199991
0.0018920898,0.0022277832,-0.0107421875,1601283199995
-0.0077056885,9.1552734E-5,-0.012863159,1601283200006
-0.018356323,-0.0020446777,-0.012863159,1601283200008
-0.025802612,-0.0030975342,-0.011795044,1601283200011
-0.032196045,9.1552734E-5,-0.008605957,1601283200018
-0.034332275,0.00541687,-0.0032806396,1601283200022
-0.03326416,0.0107421875,-7.6293945E-5,1601283200026
-0.030075073,0.016067505,0.003112793,1601283200033
-0.024749756,0.020324707,0.004180908,1601283200036
-0.018356323,0.024597168,0.004180908,1601283200040
-0.010894775,0.02671814,0.003112793,1601283200045
-0.0034332275,0.024597168,9.765625E-4,1601283200051
0.0040130615,0.021392822,-0.0022125244,1601283200055
0.009338379,0.016067505,-0.0064697266,1601283200060
0.014678955,0.008605957,-0.011795044,1601283200071
0.016799927,0.001159668,-0.016067505,1601283200072
0.017868042,-0.0052337646,-0.019256592,1601283200077
0.016799927,-0.010559082,-0.020324707,1601283200089
0.015731812,-0.0126953125,-0.020324707,1601283200090
0.014678955,-0.011627197,-0.018188477,1601283200092
0.012542725,-0.00843811,-0.013931274,1601283200099
0.011474609,-0.0030975342,-0.008605957,1601283200102
0.011474609,0.0032806396,-0.0022125244,1601283200111
0.010406494,0.009674072,0.004180908,1601283200113
0.007217407,0.016067505,0.007369995,1601283200116
0.0018920898,0.018203735,0.007369995,1601283200120
-0.005569458,0.01927185,0.0052490234,1601283200126
-0.017288208,0.01713562,-7.6293945E-5,1601283200133
-0.030075073,0.013946533,-0.0064697266,1601283200138
-0.043914795,0.0075531006,-0.013931274,1601283200141
-0.05670166,0.001159668,-0.022460938,1601283200146
-0.069488525,-0.0052337646,-0.029907227,1601283200159
-0.08013916,-0.009490967,-0.035232544,1601283200161
-0.08653259,-0.009490967,-0.03630066,1601283200164
-0.088653564,-0.00630188,-0.03416443,1601283200168
-0.08546448,-0.0020446777,-0.028839111,1601283200172
-0.07800293,0.0022277832,-0.021392822,1601283200182
-0.065216064,0.004348755,-0.012863159,1601283200185
-0.050308228,0.0064849854,-0.00541687,1601283200188
-0.03112793,0.0075531006,0.003112793,1601283200192
-0.013031006,0.0064849854,0.009506226,1601283200200
0.002960205,0.00541687,0.014831543,1601283200204
0.014678955,0.004348755,0.01802063,1601283200207
0.022125244,0.0032806396,0.02015686,1601283200212
0.02532959,0.0022277832,0.02015686,1601283200223
0.026382446,0.001159668,0.02015686,1601283200227
0.02532959,0.001159668,0.016967773,1601283200229
0.020004272,0.0022277832,0.013763428,1601283200234
0.009338379,0.0022277832,0.00843811,1601283200242
-0.0034332275,0.004348755,0.004180908,1601283200244
-0.016220093,0.008605957,-7.6293945E-5,1601283200247
-0.027938843,0.012878418,-0.004348755,1601283200254
-0.038589478,0.016067505,-0.007537842,1601283200258
-0.046051025,0.018203735,-0.0107421875,1601283200262
-0.050308228,0.018203735,-0.011795044,1601283200273
-0.053512573,0.01713562,-0.012863159,1601283200275
-0.053512573,0.01713562,-0.0107421875,1601283200277
-0.052444458,0.016067505,-0.008605957,1601283200282
-0.049240112,0.01499939,-0.00541687,1601283200286
-0.043914795,0.012878418,-0.0022125244,1601283200292
-0.036468506,0.009674072,-7.6293945E-5,1601283200299
-0.027938843,0.0064849854,0.0020446777,1601283200303
-0.018356323,0.0032806396,0.0020446777,1601283200308
-0.00982666,0.0022277832,0.0020446777,1601283200313
-0.002380371,-9.765625E-4,-0.0011444092,1601283200322
0.0040130615,-0.0020446777,-0.0032806396,1601283200324
0.010406494,-0.0041656494,-0.004348755,1601283200328
0.016799927,-0.0041656494,-0.00541687,1601283200333
0.022125244,-0.0030975342,-0.004348755,1601283200342
0.026382446,-0.0030975342,-0.0022125244,1601283200344
0.029586792,-0.0020446777,9.765625E-4,1601283200353
0.030654907,9.1552734E-5,0.00630188,1601283200355
0.029586792,0.0032806396,0.011642456,1601283200356
0.024261475,0.0064849854,0.01802063,1601283200365
0.016799927,0.0107421875,0.021224976,1601283200366
0.007217407,0.01499939,0.02229309,1601283200372
-0.004501343,0.018203735,0.02015686,1601283200377
-0.014083862,0.021392822,0.016967773,1601283200383
-0.022613525,0.022460938,0.011642456,1601283200387
-0.027938843,0.021392822,0.00630188,1601283200393
-0.032196045,0.018203735,0.0020446777,1601283200399
-0.034332275,0.016067505,-0.0022125244,1601283200401
-0.032196045,0.012878418,-0.00541687,1601283200407
-0.029006958,0.011810303,-0.0064697266,1601283200417
-0.022613525,0.0107421875,-0.0064697266,1601283200418
-0.014083862,0.0064849854,-0.0064697266,1601283200421
-0.002380371,0.001159668,-0.0064697266,1601283200426
0.011474609,-9.765625E-4,-0.004348755,1601283200431
0.026382446,-9.765625E-4,-0.0022125244,1601283200437
0.040237427,9.1552734E-5,-0.0011444092,1601283200442
0.049819946,0.001159668,-7.6293945E-5,1601283200448
0.055145264,0.0022277832,-7.6293945E-5,1601283200451
0.057281494,0.0032806396,9.765625E-4,1601283200457
0.057281494,0.0064849854,9.765625E-4,1601283200465
0.054092407,0.009674072,9.765625E-4,1601283200467
0.04876709,0.012878418,9.765625E-4,1601283200474
0.043426514,0.016067505,0.0020446777,1601283200476
0.035980225,0.01927185,0.004180908,1601283200484
0.028518677,0.020324707,0.0052490234,1601283200487
0.021057129,0.020324707,0.007369995,1601283200491
0.011474609,0.01927185,0.007369995,1601283200500
0.0018920898,0.01713562,0.009506226,1601283200502
-0.0066375732,0.013946533,0.009506226,1601283200507
-0.014083862,0.0107421875,0.00843811,1601283200516
-0.019424438,0.0075531006,0.00630188,1601283200518
-0.022613525,0.0064849854,0.003112793,1601283200523
-0.024749756,0.00541687,-7.6293945E-5,1601283200532
-0.024749756,0.00541687,-0.004348755,1601283200535
-0.022613525,0.0032806396,-0.007537842,1601283200538
-0.019424438,0.001159668,-0.009674072,1601283200541
-0.015151978,-9.765625E-4,-0.0107421875,1601283200547
-0.010894775,-0.0030975342,-0.0107421875,1601283200552
-0.0077056885,-0.0041656494,-0.0107421875,1601283200557
-0.005569458,-0.0041656494,-0.0107421875,1601283200564
-0.0077056885,-0.0020446777,-0.0107421875,1601283200567
-0.00982666,0.001159668,-0.009674072,1601283200571
-0.015151978,0.0032806396,-0.0064697266,1601283200582
-0.020477295,0.004348755,-0.0032806396,1601283200585
-0.025802612,0.004348755,-7.6293945E-5,1601283200587
-0.03112793,0.004348755,0.004180908,1601283200594
-0.03540039,0.00541687,0.007369995,1601283200603
-0.037521362,0.0075531006,0.011642456,1601283200606
-0.038589478,0.009674072,0.013763428,1601283200607
-0.037521362,0.012878418,0.016967773,1601283200614
-0.03540039,0.016067505,0.019088745,1601283200616
-0.032196045,0.01713562,0.021224976,1601283200623
-0.030075073,0.018203735,0.021224976,1601283200631
-0.029006958,0.018203735,0.021224976,1601283200634
-0.027938843,0.016067505,0.019088745,1601283200637
-0.026870728,0.013946533,0.015899658,1601283200642
-0.025802612,0.0107421875,0.0126953125,1601283200649
-0.02368164,0.00541687,0.007369995,1601283200654
-0.02154541,-9.765625E-4,0.0020446777,1601283200658
-0.017288208,-0.0052337646,-0.0022125244,1601283200665
-0.015151978,-0.00630188,-0.0064697266,1601283200667
-0.011962891,-0.007369995,-0.009674072,1601283200672
-0.00982666,-0.007369995,-0.012863159,1601283200680
-0.008758545,-0.00843811,-0.017120361,1601283200682
-0.010894775,-0.010559082,-0.020324707,1601283200687
-0.011962891,-0.011627197,-0.022460938,1601283200693
-0.014083862,-0.011627197,-0.022460938,1601283200698
-0.017288208,-0.009490967,-0.022460938,1601283200703
-0.02154541,-0.00630188,-0.021392822,1601283200708
-0.024749756,-0.0020446777,-0.019256592,1601283200718
-0.027938843,9.1552734E-5,-0.016067505,1601283200720
-0.030075073,0.0022277832,-0.012863159,1601283200723
-0.03326416,0.001159668,-0.009674072,1601283200729
-0.036468506,-9.765625E-4,-0.0064697266,1601283200732
-0.038589478,-0.0020446777,-0.004348755,1601283200738
-0.040725708,-0.0030975342,-0.0011444092,1601283200746
-0.040725708,-0.0020446777,9.765625E-4,1601283200751
-0.038589478,-0.0020446777,0.0020446777,1601283200753
-0.03540039,-0.0020446777,0.0020446777,1601283200757
-0.032196045,-0.0030975342,9.765625E-4,1601283200769
-0.027938843,-0.0052337646,-7.6293945E-5,1601283200774
-0.024749756,-0.007369995,-0.0022125244,1601283200780
-0.019424438,-0.009490967,-0.004348755,1601283200781
-0.014083862,-0.009490967,-0.00541687,1601283200784
-0.008758545,-0.00843811,-0.0064697266,1601283200794
-0.0034332275,-0.00630188,-0.007537842,1601283200800
-2.4414062E-4,-0.0052337646,-0.008605957,1601283200801
8.239746E-4,-0.0041656494,-0.009674072,1601283200805
-2.4414062E-4,-0.0041656494,-0.011795044,1601283200808
-0.0034332275,-0.0041656494,-0.013931274,1601283200818
-0.00982666,-9.765625E-4,-0.01499939,1601283200820
-0.015151978,0.001159668,-0.016067505,1601283200823
-0.022613525,0.004348755,-0.013931274,1601283200829
-0.029006958,0.0075531006,-0.012863159,1601283200832
-0.03540039,0.011810303,-0.008605957,1601283200839
-0.041793823,0.016067505,-0.0032806396,1601283200845
-0.046051025,0.01713562,0.0020446777,1601283200848
-0.048171997,0.016067505,0.00843811,1601283200852
-0.049240112,0.01499939,0.013763428,1601283200858
-0.048171997,0.012878418,0.01802063,1601283200866
-0.04498291,0.0107421875,0.02015686,1601283200868
-0.039657593,0.008605957,0.021224976,1601283200873
-0.032196045,0.004348755,0.02015686,1601283200880
-0.024749756,9.1552734E-5,0.01802063,1601283200884
-0.017288208,-0.0041656494,0.015899658,1601283200888
-0.010894775,-0.007369995,0.013763428,1601283200896
-0.0066375732,-0.00843811,0.0126953125,1601283200899
-0.0034332275,-0.007369995,0.0126953125,1601283200904
-0.0034332275,-0.0020446777,0.0126953125,1601283200910
-0.0066375732,0.004348755,0.013763428,1601283200915
-0.010894775,0.012878418,0.013763428,1601283200922
-0.015151978,0.020324707,0.014831543,1601283200926
-0.018356323,0.02671814,0.014831543,1601283200934
-0.020477295,0.0309906,0.014831543,1601283200936
-0.019424438,0.033111572,0.014831543,1601283200938
-0.018356323,0.029922485,0.011642456,1601283200947
-0.016220093,0.023529053,0.007369995,1601283200948
-0.015151978,0.013946533,9.765625E-4,1601283200954
-0.016220093,0.004348755,-0.004348755,1601283200963
-0.017288208,-0.0041656494,-0.008605957,1601283200964
-0.02154541,-0.011627197,-0.011795044,1601283200969
-0.025802612,-0.014816284,-0.012863159,1601283200974
-0.030075073,-0.0158844,-0.011795044,1601283200983
-0.034332275,-0.013763428,-0.009674072,1601283200985
-0.036468506,-0.009490967,-0.0064697266,1601283200989
-0.037521362,-0.0030975342,-0.0022125244,1601283200993
-0.036468506,0.0022277832,0.0020446777,1601283200999
-0.032196045,0.0064849854,0.00843811,1601283201003
-0.024749756,0.008605957,0.013763428,1601283201011
-0.015151978,0.008605957,0.019088745,1601283201013
-0.004501343,0.0075531006,0.021224976,1601283201018
0.007217407,0.0032806396,0.021224976,1601283201024
0.018936157,-9.765625E-4,0.019088745,1601283201035
0.028518677,-0.0041656494,0.014831543,1601283201038
0.035980225,-0.00630188,0.009506226,1601283201043
0.041305542,-0.00630188,0.0052490234,1601283201045
0.043426514,-0.0052337646,9.765625E-4,1601283201056
0.042373657,-0.0030975342,-0.0022125244,1601283201060
0.03704834,9.1552734E-5,-0.0032806396,1601283201062
0.027450562,0.004348755,-0.0032806396,1601283201064
0.015731812,0.008605957,-0.0011444092,1601283201071
0.0018920898,0.012878418,0.0020446777,1601283201076
-0.011962891,0.01713562,0.00630188,1601283201079
-0.024749756,0.018203735,0.009506226,1601283201089
-0.03540039,0.018203735,0.010574341,1601283201090
-0.04284668,0.016067505,0.011642456,1601283201093
-0.048171997,0.013946533,0.011642456,1601283201098
-0.050308228,0.011810303,0.010574341,1601283201105
-0.048171997,0.008605957,0.00843811,1601283201111
-0.04498291,0.004348755,0.0052490234,1601283201114
-0.038589478,0.001159668,9.765625E-4,1601283201121
-0.030075073,-9.765625E-4,-0.0032806396,1601283201125
-0.020477295,-0.0041656494,-0.008605957,1601283201132
-0.013031006,-0.007369995,-0.012863159,1601283201135
-0.0077056885,-0.009490967,-0.017120361,1601283201141
-0.004501343,-0.010559082,-0.018188477,1601283201147
-0.002380371,-0.011627197,-0.018188477,1601283201149
-0.0013122559,-0.011627197,-0.01499939,1601283201162
-2.4414062E-4,-0.010559082,-0.009674072,1601283201165
-0.0013122559,-0.0052337646,-0.0032806396,1601283201166
-0.0034332275,-9.765625E-4,0.003112793,1601283201170
-0.0066375732,0.0022277832,0.00843811,1601283201176
-0.00982666,0.0032806396,0.0126953125,1601283201186
-0.011962891,0.0032806396,0.016967773,1601283201191
-0.014083862,0.008605957,0.02015686,1601283201193
-0.017288208,0.018203735,0.02015686,1601283201197
-0.025802612,0.023529053,0.016967773,1601283201200
-0.041793823,0.022460938,0.010574341,1601283201207
-0.06309509,0.013946533,9.765625E-4,1601283201211
-0.08972168,9.1552734E-5,-0.0107421875,1601283201214
-0.11955261,-0.013763428,-0.02458191,1601283201219
-0.14938354,-0.022277832,-0.039505005,1601283201229
-0.18133545,-0.025482178,-0.05227661,1601283201231
-0.21009827,-0.024414062,-0.060806274,1601283201235
-0.23460388,-0.019088745,-0.06613159,1601283201240
-0.25376892,-0.009490967,-0.06719971,1601283201246
-0.2644348,9.1552734E-5,-0.06506348,1601283201249
-0.2665558,0.011810303,-0.060806274,1601283201254
-0.26016235,0.020324707,-0.055480957,1601283201259
-0.24632263,0.024597168,-0.05015564,1601283201263
-0.22607422,0.023529053,-0.043762207,1601283201268
-0.20158386,0.016067505,-0.03630066,1601283201275
-0.1738739,0.0075531006,-0.029907227,1601283201278
-0.14299011,-0.0020446777,-0.022460938,1601283201285
-0.112091064,-0.00630188,-0.017120361,1601283201288
-0.08332825,-0.0052337646,-0.013931274,1601283201300
-0.05670166,9.1552734E-5,-0.012863159,1601283201304
-0.036468506,0.0064849854,-0.011795044,1601283201305
-0.024749756,0.016067505,-0.011795044,1601283201315
-0.019424438,0.02885437,-0.011795044,1601283201317
-0.019424438,0.04057312,-0.0107421875,1601283201318
-0.02154541,0.051223755,-0.007537842,1601283201327
-0.02368164,0.056549072,-0.0032806396,1601283201330
-0.027938843,0.055480957,0.003112793,1601283201335
-0.03326416,0.05229187,0.009506226,1601283201338
-0.041793823,0.048034668,0.014831543,1601283201343
-0.053512573,0.044830322,0.02015686,1601283201349
-0.069488525,0.041641235,0.024414062,1601283201354
-0.090789795,0.039505005,0.025482178,1601283201360
-0.11529541,0.039505005,0.027618408,1601283201363
-0.13873291,0.043762207,0.030807495,1601283201370
-0.15789795,0.05015564,0.03401184,1601283201382
-0.1696167,0.05441284,0.037200928,1601283201384
-0.17494202,0.053359985,0.03933716,1601283201386
-0.17175293,0.04270935,0.04145813,1601283201394
-0.15896606,0.027786255,0.04359436,1601283201397
-0.13659668,0.008605957,0.04573059,1601283201400
-0.10357666,-0.016952515,0.046783447,1601283201404
-0.06309509,-0.049972534,0.04573059,1601283201412
-0.013031006,-0.096847534,0.04359436,1601283201416
0.04449463,-0.15544128,0.04145813,1601283201419
0.1084137,-0.21508789,0.036132812,1601283201427
0.1787262,-0.27049255,0.030807495,1601283201431
0.25541687,-0.3184204,0.025482178,1601283201436
0.34170532,-0.35250854,0.023345947,1601283201439
0.4343872,-0.3610382,0.02229309,1601283201448
0.5323944,-0.3407898,0.024414062,1601283201451
0.6325226,-0.29818726,0.02973938,1601283201455
0.72946167,-0.24598694,0.036132812,1601283201462
0.8200073,-0.19697571,0.04359436,1601283201465
0.9041748,-0.15756226,0.05105591,1601283201470
0.97979736,-0.12774658,0.058502197,1601283201479
1.0469055,-0.108566284,0.06277466,1601283201482
1.1076355,-0.10003662,0.061706543,1601283201485
1.1608887,-0.10003662,0.054244995,1601283201495
1.2088318,-0.108566284,0.03933716,1601283201497
1.2503815,-0.12347412,0.014831543,1601283201499
1.2919312,-0.14691162,-0.013931274,1601283201505
1.3377228,-0.17141724,-0.041625977,1601283201512
1.3888702,-0.19485474,-0.070388794,1601283201515
1.4442596,-0.21508789,-0.10128784,1601283201520
1.5028534,-0.23852539,-0.13323975,1601283201526
1.5678253,-0.2672882,-0.16519165,1601283201530
1.6381378,-0.30563354,-0.1960907,1601283201534
1.72229,-0.35144043,-0.22592163,1601283201545
1.8256226,-0.3929901,-0.25042725,1601283201548
1.9502563,-0.41323853,-0.2706604,1601283201551
2.0930023,-0.4068451,-0.28556824,1601283201556
2.2453308,-0.38020325,-0.297287,1601283201561
2.4029999,-0.3461151,-0.3026123,1601283201564
2.5595856,-0.3088379,-0.30368042,1601283201569
2.708725,-0.26835632,-0.30049133,1601283201577
2.8461456,-0.22787476,-0.2930298,1601283201580
2.9675903,-0.19165039,-0.28451538,1601283201585
3.0698547,-0.16288757,-0.27812195,1601283201592
3.1508026,-0.1373291,-0.2738495,1601283201595
3.2104645,-0.11495972,-0.27598572,1601283201599
3.2466888,-0.09577942,-0.28131104,1601283201604
3.2615967,-0.08087158,-0.2898407,1601283201612
3.2541351,-0.0712738,-0.30049133,1601283201617
3.2285767,-0.0670166,-0.30900574,1601283201620
3.188095,-0.063827515,-0.3164673,1601283201630
3.1358948,-0.057434082,-0.3207245,1601283201632
3.0762482,-0.047851562,-0.32286072,1601283201636
3.0133972,-0.035064697,-0.3249817,1601283201646
2.9505463,-0.020141602,-0.3249817,1601283201648
2.8919525,9.1552734E-5,-0.3249817,1601283201652
2.8418884,0.023529053,-0.3217926,1601283201660
2.8035278,0.051223755,-0.31860352,1601283201662
2.7779694,0.08850098,-0.31539917,1601283201665
2.7641144,0.13218689,-0.31221008,1601283201671
2.7609253,0.17799377,-0.31114197,1601283201678
2.7619934,0.22059631,-0.3132782,1601283201681
2.7673187,0.2578888,-0.3207245,1601283201685
2.7705078,0.2866516,-0.33244324,1601283201693
2.7705078,0.3047638,-0.3484192,1601283201696
2.7651825,0.3100891,-0.3686676,1601283201700
2.7523956,0.3047638,-0.3921051,1601283201711
2.7300262,0.2898407,-0.4155426,1601283201718
2.7012634,0.26853943,-0.43577576,1601283201721
2.6682434,0.24510193,-0.45281982,1601283201723
2.6341553,0.22166443,-0.46453857,1601283201726
2.6043243,0.20143127,-0.46879578,1601283201736
2.5776978,0.18331909,-0.46772766,1601283201737
2.5574646,0.16627502,-0.45921326,1601283201746
2.5436096,0.15348816,-0.4474945,1601283201748
2.532959,0.15135193,-0.43151855,1601283201750
2.5265656,0.15881348,-0.4144745,1601283201759
2.5212402,0.17692566,-0.3952942,1601283201761
2.515915,0.20036316,-0.3761139,1601283201766
2.5095215,0.22698975,-0.35801697,1601283201770
2.4967346,0.25682068,-0.34202576,1601283201777
2.4775696,0.29197693,-0.33032227,1601283201780
2.4498596,0.32606506,-0.32286072,1601283201786
2.4115143,0.355896,-0.3207245,1601283201796
2.3657074,0.37826538,-0.3207245,1601283201798
2.3124542,0.39317322,-0.3207245,1601283201802
2.2549286,0.39956665,-0.3175354,1601283201809
2.1941986,0.40063477,-0.3132782,1601283201814
2.1302795,0.39849854,-0.30581665,1601283201816
2.0663757,0.3921051,-0.29623413,1601283201820
2.0035248,0.38145447,-0.28237915,1601283201831
1.944931,0.37294006,-0.26319885,1601283201834
1.8863373,0.3633423,-0.24189758,1601283201835
1.8298798,0.355896,-0.21846008,1601283201840
1.7755585,0.35375977,-0.19395447,1601283201845
1.7244263,0.35482788,-0.168396,1601283201851
1.6786194,0.3612213,-0.14282227,1601283201861
1.6360016,0.36973572,-0.119400024,1601283201862
1.59552,0.37719727,-0.09701538,1601283201866
1.5582428,0.38038635,-0.072525024,1601283201875
1.5220184,0.38038635,-0.046951294,1601283201877
1.4857941,0.37506104,-0.021392822,1601283201882
1.4463806,0.3633423,0.003112793,1601283201887
1.4059143,0.34417725,0.027618408,1601283201891
1.3643646,0.32286072,0.05105591,1601283201901
1.3217468,0.29837036,0.07235718,1601283201903
1.2780762,0.27386475,0.09152222,1601283201908
1.2344055,0.25042725,0.10858154,1601283201914
1.1928558,0.22912598,0.12774658,1601283201916
1.1545105,0.20994568,0.15011597,1601283201921
1.1161499,0.1918335,0.17248535,1601283201927
1.0788727,0.17799377,0.19485474,1601283201931
1.0394592,0.168396,0.21510315,1601283201937
0.99684143,0.16520691,0.23001099,1601283201945
0.95210266,0.168396,0.24172974,1601283201949
0.90522766,0.17585754,0.24705505,1601283201954
0.8583679,0.1875763,0.24598694,1601283201957
0.814682,0.20568848,0.24172974,1601283201965
0.77420044,0.22698975,0.23321533,1601283201968
0.7411804,0.25042725,0.22042847,1601283201975
0.7166748,0.27493286,0.20657349,1601283201980
0.70176697,0.29516602,0.19059753,1601283201982
0.69218445,0.30795288,0.17355347,1601283201987
0.6889801,0.3100891,0.15544128,1601283201992
0.6889801,0.30262756,0.1373291,1601283201996
0.69111633,0.28451538,0.120285034,1601283202001
0.6943054,0.26107788,0.10751343,1601283202008
0.69537354,0.23124695,0.09686279,1601283202011
0.6932373,0.20036316,0.09046936,1601283202015
0.687912,0.16627502,0.087265015,1601283202022
0.67619324,0.133255,0.08833313,1601283202026
0.6570282,0.098098755,0.09472656,1601283202030
0.6304016,0.062942505,0.10430908,1601283202036
0.59843445,0.029922485,0.11816406,1601283202042
0.5611572,-9.765625E-4,0.13414001,1601283202046
0.51960754,-0.024414062,0.14904785,1601283202052
0.47273254,-0.0393219,0.15971375,1601283202064
0.42053223,-0.04145813,0.16503906,1601283202065
0.3630066,-0.032928467,0.16503906,1601283202068
0.3044281,-0.014816284,0.15971375,1601283202074
0.24476624,0.0107421875,0.15011597,1601283202081
0.18617249,0.04057312,0.1373291,1601283202083
0.1318512,0.074661255,0.12135315,1601283202090
0.082855225,0.109817505,0.10430908,1601283202094
0.03916931,0.14176941,0.0861969,1601283202097
8.239746E-4,0.16627502,0.07022095,1601283202101
-0.029006958,0.17799377,0.059570312,1601283202111
-0.049240112,0.17906189,0.054244995,1601283202113
-0.055633545,0.17373657,0.054244995,1601283202117
-0.050308228,0.1609497,0.057434082,1601283202125
-0.03326416,0.14176941,0.06489563,1601283202127
-0.0077056885,0.11621094,0.07342529,1601283202130
0.024261475,0.08317566,0.08087158,1601283202137
0.059417725,0.045898438,0.08514404,1601283202143
0.09350586,0.008605957,0.0861969,1601283202147
0.12438965,-0.024414062,0.0819397,1601283202150
0.14996338,-0.05317688,0.075546265,1601283202156
0.16807556,-0.075546265,0.068099976,1601283202163
0.17765808,-0.09365845,0.057434082,1601283202168
0.17765808,-0.10430908,0.04573059,1601283202176
0.17019653,-0.10643005,0.03401184,1601283202178
0.1595459,-0.10003662,0.02229309,1601283202183
0.14675903,-0.08938599,0.010574341,1601283202190
0.1318512,-0.07873535,-0.0011444092,1601283202193
0.11373901,-0.06915283,-0.0107421875,1601283202197
0.094558716,-0.061691284,-0.019256592,1601283202201
0.07539368,-0.056365967,-0.023513794,1601283202213
0.057281494,-0.049972534,-0.023513794,1601283202215
0.040237427,-0.03718567,-0.021392822,1601283202217
0.024261475,-0.019088745,-0.017120361,1601283202223
0.008285522,0.0022277832,-0.0107421875,1601283202229
-0.0077056885,0.022460938,-0.0032806396,1601283202233
-0.02368164,0.03843689,0.00630188,1601283202240
-0.037521362,0.048034668,0.015899658,1601283202242
-0.050308228,0.049087524,0.026550293,1601283202247
-0.057769775,0.04270935,0.037200928,1601283202252
-0.059890747,0.0309906,0.046783447,1601283202260
-0.05883789,0.012878418,0.052108765,1601283202263
-0.055633545,-0.00843811,0.05531311,1601283202266
-0.051376343,-0.02760315,0.056381226,1601283202272
-0.046051025,-0.0435791,0.05531311,1601283202276
-0.039657593,-0.05317688,0.05105591,1601283202281
-0.03326416,-0.056365967,0.04573059,1601283202288
-0.027938843,-0.05529785,0.037200928,1601283202291
-0.024749756,-0.049972534,0.026550293,1601283202297
-0.025802612,-0.042526245,0.014831543,1601283202301
-0.030075073,-0.030807495,0.003112793,1601283202307
-0.038589478,-0.01802063,-0.0064697266,1601283202311
-0.048171997,-0.00630188,-0.016067505,1601283202318
-0.05670166,-9.765625E-4,-0.020324707,1601283202328
-0.062026978,0.001159668,-0.022460938,1601283202332
-0.06309509,0.0032806396,-0.022460938,1601283202338
-0.060958862,0.0064849854,-0.019256592,1601283202341
-0.05456543,0.011810303,-0.016067505,1601283202344
-0.04498291,0.01713562,-0.0107421875,1601283202353
-0.032196045,0.020324707,-0.0032806396,1601283202355
-0.019424438,0.021392822,0.0052490234,1601283202357
-0.005569458,0.01713562,0.014831543,1601283202362
0.007217407,0.0075531006,0.024414062,1601283202368
0.020004272,-0.00843811,0.032943726,1601283202375
0.031723022,-0.024414062,0.03933716,1601283202379
0.043426514,-0.0393219,0.04573059,1601283202383
0.055145264,-0.049972534,0.048919678,1601283202388
0.06474304,-0.05529785,0.047851562,1601283202391
0.07006836,-0.056365967,0.04359436,1601283202398
0.071136475,-0.05317688,0.035064697,1601283202402
0.06686401,-0.045715332,0.024414062,1601283202408
0.05834961,-0.033996582,0.0126953125,1601283202414
0.04663086,-0.021209717,-0.0011444092,1601283202418
0.030654907,-0.007369995,-0.012863159,1601283202427
0.011474609,0.0064849854,-0.023513794,1601283202429
-0.0066375732,0.018203735,-0.032043457,1601283202431
-0.022613525,0.027786255,-0.03630066,1601283202438
-0.034332275,0.037368774,-0.03630066,1601283202442
-0.041793823,0.04270935,-0.035232544,1601283202448
-0.04498291,0.043762207,-0.030975342,1601283202455
-0.043914795,0.039505005,-0.025650024,1601283202457
-0.037521362,0.0309906,-0.020324707,1601283202463
-0.026870728,0.023529053,-0.013931274,1601283202467
-0.011962891,0.020324707,-0.008605957,1601283202476
0.0050811768,0.01927185,-0.00541687,1601283202478
0.021057129,0.020324707,-0.0032806396,1601283202482
0.033843994,0.01927185,-0.0022125244,1601283202491
0.042373657,0.01713562,-0.0011444092,1601283202494
0.045562744,0.01499939,-0.0011444092,1601283202497
0.04449463,0.013946533,-7.6293945E-5,1601283202505
0.038101196,0.012878418,-7.6293945E-5,1601283202508
0.026382446,0.0107421875,-0.0011444092,1601283202513
0.009338379,0.008605957,-0.0011444092,1601283202521
-0.011962891,0.0064849854,-0.0022125244,1601283202524
-0.03540039,0.00541687,-0.0011444092,1601283202528
-0.059890747,0.0075531006,9.765625E-4,1601283202532
-0.08226013,0.013946533,0.003112793,1601283202538
-0.09931946,0.023529053,0.00630188,1601283202544
-0.11315918,0.036315918,0.00843811,1601283202550
-0.11955261,0.048034668,0.0126953125,1601283202555
-0.12168884,0.06187439,0.016967773,1601283202559
-0.1184845,0.07572937,0.02229309,1601283202570
-0.11102295,0.08956909,0.028686523,1601283202573
-0.100372314,0.10235596,0.036132812,1601283202575
-0.08760071,0.11407471,0.04359436,1601283202581
-0.07481384,0.12046814,0.049987793,1601283202585
-0.06309509,0.12046814,0.05317688,1601283202587
-0.051376343,0.11300659,0.05531311,1601283202595
-0.039657593,0.10235596,0.054244995,1601283202598
-0.027938843,0.08956909,0.049987793,1601283202608
-0.016220093,0.072525024,0.04573059,1601283202611
-0.002380371,0.053359985,0.038269043,1601283202614
0.010406494,0.032043457,0.03187561,1601283202621
0.02319336,0.009674072,0.024414062,1601283202624
0.035980225,-0.009490967,0.01802063,1601283202629
0.04663086,-0.024414062,0.0126953125,1601283202634
0.054092407,-0.035064697,0.007369995,1601283202640
0.057281494,-0.0393219,0.004180908,1601283202644
0.05621338,-0.0393219,9.765625E-4,1601283202648
0.051956177,-0.035064697,9.765625E-4,1601283202659
0.045562744,-0.028671265,9.765625E-4,1601283202661
0.038101196,-0.020141602,0.003112793,1601283202663
0.030654907,-0.00843811,0.0052490234,1601283202668
0.024261475,0.004348755,0.00843811,1601283202672
0.018936157,0.016067505,0.009506226,1601283202677
0.014678955,0.023529053,0.010574341,1601283202682
0.010406494,0.02671814,0.009506226,1601283202688
0.007217407,0.023529053,0.00843811,1601283202692
0.0050811768,0.01499939,0.00630188,1601283202697
0.002960205,0.0032806396,0.004180908,1601283202703
0.002960205,-0.009490967,9.765625E-4,1601283202708
0.0050811768,-0.021209717,-0.0022125244,1601283202713
0.008285522,-0.030807495,-0.00541687,1601283202722
0.01361084,-0.036132812,-0.009674072,1601283202723
0.020004272,-0.040390015,-0.013931274,1601283202729
0.028518677,-0.042526245,-0.017120361,1601283202732
0.03704834,-0.04145813,-0.018188477,1601283202739
0.043426514,-0.0393219,-0.017120361,1601283202742
0.047698975,-0.036132812,-0.013931274,1601283202747
0.04876709,-0.03186035,-0.0107421875,1601283202754
0.045562744,-0.02760315,-0.007537842,1601283202765
0.038101196,-0.024414062,-0.00541687,1601283202768
0.02532959,-0.020141602,-0.00541687,1601283202770
0.010406494,-0.014816284,-0.00541687,1601283202773
-0.008758545,-0.00843811,-0.007537842,1601283202781
-0.029006958,-9.765625E-4,-0.0107421875,1601283202787
-0.048171997,0.004348755,-0.01499939,1601283202789
-0.067352295,0.008605957,-0.020324707,1601283202796
-0.081207275,0.0107421875,-0.025650024,1601283202799
-0.088653564,0.013946533,-0.029907227,1601283202805
-0.088653564,0.01499939,-0.030975342,1601283202808
-0.08013916,0.018203735,-0.030975342,1601283202815
-0.06416321,0.021392822,-0.029907227,1601283202825
-0.04284668,0.023529053,-0.02671814,1601283202827
-0.018356323,0.022460938,-0.022460938,1601283202831
0.006149292,0.01927185,-0.017120361,1601283202836
0.028518677,0.013946533,-0.011795044,1601283202839
0.04876709,0.008605957,-0.007537842,1601283202851
0.06260681,0.0022277832,-0.004348755,1601283202855
0.069000244,-0.0020446777,-0.0011444092,1601283202858
0.06793213,-0.00630188,-7.6293945E-5,1601283202860
0.06047058,-0.00843811,9.765625E-4,1601283202863
0.04876709,-0.00843811,0.003112793,1601283202869
0.033843994,-0.00630188,0.004180908,1601283202873
0.016799927,-0.0020446777,0.0052490234,1601283202880
-2.4414062E-4,0.001159668,0.00630188,1601283202887
-0.017288208,0.0032806396,0.00843811,1601283202889
-0.03112793,0.004348755,0.010574341,1601283202893
-0.04284668,0.00541687,0.011642456,1601283202898
-0.048171997,0.0075531006,0.0126953125,1601283202905
-0.049240112,0.0107421875,0.0126953125,1601283202908
-0.04498291,0.016067505,0.010574341,1601283202914
-0.037521362,0.020324707,0.00843811,1601283202924
-0.027938843,0.022460938,0.00630188,1601283202926
-0.017288208,0.01927185,0.003112793,1601283202929
-0.0077056885,0.0107421875,9.765625E-4,1601283202939
8.239746E-4,9.1552734E-5,-7.6293945E-5,1601283202940
0.008285522,-0.010559082,9.765625E-4,1601283202945
0.016799927,-0.016952515,9.765625E-4,1601283202949
0.024261475,-0.020141602,0.0020446777,1601283202955
0.028518677,-0.021209717,-7.6293945E-5,1601283202958
0.029586792,-0.024414062,-0.0022125244,1601283202963
0.026382446,-0.02760315,-0.0032806396,1601283202969
0.020004272,-0.03186035,-0.0032806396,1601283202974
0.010406494,-0.033996582,-0.0022125244,1601283202978
8.239746E-4,-0.035064697,-0.0022125244,1601283202985
-0.010894775,-0.033996582,-0.0022125244,1601283202989
-0.022613525,-0.030807495,-0.0022125244,1601283202994
-0.03540039,-0.025482178,-0.0032806396,1601283203004
-0.04711914,-0.019088745,-0.00541687,1601283203008
-0.05670166,-0.010559082,-0.0064697266,1601283203010
-0.065216064,0.001159668,-0.0064697266,1601283203013
-0.0716095,0.012878418,-0.007537842,1601283203020
-0.07588196,0.023529053,-0.008605957,1601283203024
-0.079071045,0.034179688,-0.008605957,1601283203029
-0.08013916,0.041641235,-0.009674072,1601283203034
-0.08013916,0.045898438,-0.008605957,1601283203043
-0.07588196,0.046966553,-0.007537842,1601283203045
-0.069488525,0.044830322,-0.00541687,1601283203052
-0.057769775,0.04270935,-0.004348755,1601283203055
-0.04284668,0.041641235,-0.0022125244,1601283203059
-0.024749756,0.03843689,-0.0022125244,1601283203064
-0.004501343,0.035247803,-0.0022125244,1601283203073
0.015731812,0.0309906,-0.004348755,1601283203075
0.033843994,0.025665283,-0.00541687,1601283203078
0.05088806,0.020324707,-0.007537842,1601283203090
0.06367493,0.01499939,-0.008605957,1601283203092
0.07325745,0.009674072,-0.0107421875,1601283203099
0.07751465,0.004348755,-0.011795044,1601283203101
0.07539368,9.1552734E-5,-0.012863159,1601283203107
0.06793213,-0.0030975342,-0.01499939,1601283203110
0.054092407,-0.00630188,-0.017120361,1601283203115
0.03491211,-0.010559082,-0.019256592,1601283203121
0.011474609,-0.013763428,-0.020324707,1601283203125
-0.011962891,-0.014816284,-0.020324707,1601283203129
-0.03540039,-0.014816284,-0.020324707,1601283203136
-0.05670166,-0.0126953125,-0.018188477,1601283203139
-0.07374573,-0.00843811,-0.016067505,1601283203145
-0.08546448,-0.0030975342,-0.012863159,1601283203155
-0.092926025,0.0022277832,-0.008605957,1601283203160
-0.09397888,0.0075531006,-0.004348755,1601283203162
-0.090789795,0.0107421875,-0.0011444092,1601283203163
-0.08332825,0.0107421875,9.765625E-4,1601283203171
-0.07267761,0.009674072,9.765625E-4,1601283203175
-0.057769775,0.0064849854,-7.6293945E-5,1601283203179
-0.041793823,0.0022277832,-0.0022125244,1601283203185
-0.025802612,-0.0030975342,-0.00541687,1601283203192
-0.010894775,-0.0126953125,-0.009674072,1601283203193
0.0018920898,-0.022277832,-0.012863159,1601283203205
0.011474609,-0.03186035,-0.01499939,1601283203208
0.018936157,-0.04145813,-0.01499939,1601283203211
0.024261475,-0.04890442,-0.01499939,1601283203217
0.024261475,-0.054229736,-0.013931274,1601283203220
0.022125244,-0.054229736,-0.012863159,1601283203225
0.015731812,-0.049972534,-0.011795044,1601283203229
0.006149292,-0.040390015,-0.009674072,1601283203237
-0.004501343,-0.02760315,-0.008605957,1601283203239
-0.015151978,-0.011627197,-0.0064697266,1601283203245
-0.024749756,0.0064849854,-0.004348755,1601283203249
-0.03326416,0.022460938,-0.0032806396,1601283203256
-0.039657593,0.035247803,-0.0022125244,1601283203259
-0.043914795,0.043762207,-0.0022125244,1601283203269
-0.04498291,0.046966553,-0.0022125244,1601283203273
-0.04498291,0.043762207,-0.0022125244,1601283203275
-0.041793823,0.036315918,-0.0032806396,1601283203279
-0.037521362,0.025665283,-0.004348755,1601283203286
-0.032196045,0.0107421875,-0.00541687,1601283203290
-0.025802612,-0.00630188,-0.00541687,1601283203294
-0.019424438,-0.022277832,-0.00541687,1601283203300
-0.014083862,-0.035064697,-0.00541687,1601283203304
-0.008758545,-0.04145813,-0.00541687,1601283203310
-0.005569458,-0.042526245,-0.00541687,1601283203320
-0.004501343,-0.040390015,-0.00541687,1601283203321
-0.0066375732,-0.035064697,-0.00541687,1601283203325
-0.013031006,-0.02973938,-0.00541687,1601283203330
-0.02154541,-0.022277832,-0.004348755,1601283203336
-0.03112793,-0.014816284,-0.0032806396,1601283203341
-0.040725708,-0.00843811,-0.0011444092,1601283203345
-0.049240112,-0.0020446777,0.0020446777,1601283203358
-0.05670166,0.001159668,0.0052490234,1601283203359
-0.062026978,0.004348755,0.010574341,1601283203362
-0.06309509,0.00541687,0.015899658,1601283203366
-0.062026978,0.0064849854,0.02015686,1601283203376
-0.05670166,0.0064849854,0.024414062,1601283203377
-0.049240112,0.0075531006,0.026550293,1601283203380
-0.041793823,0.009674072,0.027618408,1601283203385
-0.032196045,0.011810303,0.026550293,1601283203391
-0.02368164,0.011810303,0.023345947,1601283203395
-0.016220093,0.012878418,0.019088745,1601283203401
-0.010894775,0.013946533,0.015899658,1601283203410
-0.005569458,0.016067505,0.010574341,1601283203412
-0.0034332275,0.018203735,0.004180908,1601283203419
-0.0034332275,0.022460938,-0.0032806396,1601283203421
-0.004501343,0.02671814,-0.0107421875,1601283203425
-0.008758545,0.029922485,-0.017120361,1601283203437
-0.011962891,0.0309906,-0.021392822,1601283203440
-0.016220093,0.02885437,-0.023513794,1601283203442
-0.018356323,0.027786255,-0.022460938,1601283203445
-0.018356323,0.027786255,-0.021392822,1601283203452
-0.017288208,0.027786255,-0.019256592,1601283203455
-0.015151978,0.022460938,-0.018188477,1601283203462
-0.014083862,0.01499939,-0.018188477,1601283203466
-0.013031006,0.0075531006,-0.01499939,1601283203476
-0.00982666,0.0032806396,-0.011795044,1601283203479
-0.005569458,0.004348755,-0.007537842,1601283203486
-0.002380371,0.008605957,-0.004348755,1601283203488
0.0018920898,0.013946533,-0.0022125244,1601283203491
0.006149292,0.021392822,-7.6293945E-5,1601283203495
0.008285522,0.025665283,9.765625E-4,1601283203500
0.009338379,0.025665283,0.0020446777,1601283203505
0.009338379,0.021392822,0.004180908,1601283203510
0.009338379,0.016067505,0.0052490234,1601283203517
0.009338379,0.0107421875,0.0052490234,1601283203520
0.009338379,0.0064849854,0.004180908,1601283203525
0.009338379,0.0022277832,9.765625E-4,1601283203533
0.009338379,-0.0020446777,-0.0032806396,1601283203536
0.009338379,-0.00630188,-0.008605957,1601283203541
0.007217407,-0.00843811,-0.012863159,1601283203545
0.0050811768,-0.009490967,-0.018188477,1601283203553
0.0018920898,-0.010559082,-0.02458191,1601283203556
-0.0013122559,-0.009490967,-0.029907227,1601283203560
-0.0066375732,-0.00630188,-0.03416443,1601283203570
-0.010894775,-0.0030975342,-0.035232544,1601283203573
-0.016220093,0.001159668,-0.03630066,1601283203575
-0.019424438,0.004348755,-0.03416443,1601283203590
-0.02154541,0.0064849854,-0.030975342,1601283203592
-0.02368164,0.0075531006,-0.02671814,1601283203595
-0.024749756,0.0075531006,-0.020324707,1601283203598
-0.024749756,0.0064849854,-0.01499939,1601283203606
-0.024749756,0.0064849854,-0.007537842,1601283203609
-0.02368164,0.004348755,-0.0011444092,1601283203612
-0.02154541,0.0032806396,0.004180908,1601283203618
-0.019424438,0.0022277832,0.010574341,1601283203621
-0.018356323,9.1552734E-5,0.014831543,1601283203625
-0.017288208,-9.765625E-4,0.01802063,1601283203629
-0.017288208,-0.0041656494,0.02015686,1601283203636
-0.016220093,-0.00630188,0.021224976,1601283203641
-0.014083862,-0.009490967,0.021224976,1601283203646
-0.014083862,-0.0126953125,0.02015686,1601283203656
-0.014083862,-0.0158844,0.01802063,1601283203658
-0.014083862,-0.01802063,0.013763428,1601283203662
-0.016220093,-0.019088745,0.00843811,1601283203672
-0.018356323,-0.01802063,0.0020446777,1601283203675
-0.02154541,-0.016952515,-0.0032806396,1601283203676
-0.02368164,-0.013763428,-0.009674072,1601283203686
-0.024749756,-0.010559082,-0.017120361,1601283203689
-0.02368164,-0.00630188,-0.023513794,1601283203691
-0.019424438,-9.765625E-4,-0.028839111,1601283203704
-0.013031006,0.0032806396,-0.03416443,1601283203705
-0.0066375732,0.0075531006,-0.03843689,1601283203706
8.239746E-4,0.009674072,-0.04269409,1601283203715
0.006149292,0.008605957,-0.04588318,1601283203717
0.009338379,0.00541687,-0.046951294,1601283203724
0.011474609,9.1552734E-5,-0.04588318,1601283203727
0.012542725,-0.00630188,-0.04269409,1601283203731
0.012542725,-0.011627197,-0.037368774,1601283203740
0.011474609,-0.014816284,-0.033111572,1601283203743
0.007217407,-0.016952515,-0.02671814,1601283203747
0.002960205,-0.01802063,-0.021392822,1601283203753
-0.0034332275,-0.01802063,-0.017120361,1601283203755
-0.00982666,-0.019088745,-0.011795044,1601283203765
-0.015151978,-0.01802063,-0.007537842,1601283203766
-0.017288208,-0.013763428,-0.0032806396,1601283203770
-0.018356323,-0.00843811,9.765625E-4,1601283203775
-0.015151978,-0.0030975342,0.0052490234,1601283203780
-0.00982666,0.001159668,0.007369995,1601283203785
-0.002380371,0.004348755,0.007369995,1601283203791
0.0040130615,0.0064849854,0.0052490234,1601283203798
0.009338379,0.00541687,9.765625E-4,1601283203801
0.009338379,0.0022277832,-0.0064697266,1601283203806
0.0050811768,-9.765625E-4,-0.01499939,1601283203810
-0.0034332275,-0.0052337646,-0.02458191,1601283203816
-0.014083862,-0.009490967,-0.03416443,1601283203822
-0.027938843,-0.0126953125,-0.041625977,1601283203828
-0.041793823,-0.014816284,-0.04588318,1601283203831
-0.053512573,-0.01802063,-0.04588318,1601283203842
-0.062026978,-0.020141602,-0.04269409,1601283203844
-0.067352295,-0.022277832,-0.03843689,1601283203848
-0.06842041,-0.024414062,-0.030975342,1601283203851
-0.06628418,-0.025482178,-0.021392822,1601283203860
-0.059890747,-0.025482178,-0.013931274,1601283203862
-0.049240112,-0.026535034,-0.00541687,1601283203868
-0.036468506,-0.02760315,-7.6293945E-5,1601283203871
-0.022613525,-0.02973938,0.004180908,1601283203876
-0.0066375732,-0.030807495,0.007369995,1601283203882
0.010406494,-0.032928467,0.009506226,1601283203886
0.026382446,-0.032928467,0.010574341,1601283203891
0.03916931,-0.030807495,0.010574341,1601283203897
0.049819946,-0.026535034,0.010574341,1601283203901
0.05621338,-0.023345947,0.011642456,1601283203906
0.059417725,-0.01802063,0.011642456,1601283203918
0.059417725,-0.014816284,0.011642456,1601283203920
0.055145264,-0.013763428,0.010574341,1601283203923
0.04876709,-0.0158844,0.010574341,1601283203927
0.03916931,-0.01802063,0.011642456,1601283203934
0.027450562,-0.019088745,0.013763428,1601283203936
0.014678955,-0.021209717,0.014831543,1601283203941
0.002960205,-0.022277832,0.016967773,1601283203947
-0.010894775,-0.023345947,0.019088745,1601283203951
-0.02368164,-0.022277832,0.021224976,1601283203958
-0.034332275,-0.019088745,0.023345947,1601283203964
-0.04284668,-0.013763428,0.026550293,1601283203967
-0.04711914,-0.00630188,0.02973938,1601283203970
-0.046051025,0.004348755,0.03401184,1601283203976
-0.041793823,0.013946533,0.038269043,1601283203983
-0.034332275,0.024597168,0.04145813,1601283203987
-0.024749756,0.032043457,0.042526245,1601283203991
-0.014083862,0.037368774,0.04359436,1601283203999
-0.0013122559,0.041641235,0.042526245,1601283204001
0.011474609,0.041641235,0.04145813,1601283204006
0.02319336,0.03843689,0.040390015,1601283204018
0.03277588,0.032043457,0.03933716,1601283204021
0.03916931,0.023529053,0.040390015,1601283204024
0.045562744,0.01713562,0.040390015,1601283204031
0.049819946,0.0107421875,0.040390015,1601283204034
0.049819946,0.00541687,0.03933716,1601283204037
0.04663086,9.1552734E-5,0.037200928,1601283204043
0.03916931,-0.0052337646,0.03401184,1601283204047
0.029586792,-0.009490967,0.03187561,1601283204052
0.015731812,-0.011627197,0.027618408,1601283204058
8.239746E-4,-0.0126953125,0.023345947,1601283204062
-0.015151978,-0.013763428,0.019088745,1601283204068
-0.03112793,-0.013763428,0.014831543,1601283204072
-0.043914795,-0.011627197,0.011642456,1601283204078
-0.053512573,-0.009490967,0.00843811,1601283204082
-0.05883789,-0.007369995,0.0052490234,1601283204087
-0.059890747,-0.0041656494,9.765625E-4,1601283204091
-0.057769775,-0.0020446777,-0.0032806396,1601283204098
-0.052444458,-9.765625E-4,-0.0064697266,1601283204102
-0.046051025,9.1552734E-5,-0.009674072,1601283204107
-0.037521362,-0.0020446777,-0.0107421875,1601283204114
-0.027938843,-0.0052337646,-0.012863159,1601283204118
-0.017288208,-0.00843811,-0.013931274,1601283204122
-0.0077056885,-0.009490967,-0.013931274,1601283204130
0.0018920898,-0.00843811,-0.01499939,1601283204132
0.008285522,-0.007369995,-0.017120361,1601283204137
0.01361084,-0.0041656494,-0.018188477,1601283204141
0.014678955,9.1552734E-5,-0.019256592,1601283204147
0.01361084,0.00541687,-0.019256592,1601283204152
0.012542725,0.0107421875,-0.018188477,1601283204157
0.010406494,0.012878418,-0.018188477,1601283204169
0.007217407,0.011810303,-0.020324707,1601283204171
0.0040130615,0.0064849854,-0.022460938,1601283204177
-2.4414062E-4,9.1552734E-5,-0.02671814,1601283204180
-0.005569458,-0.007369995,-0.030975342,1601283204183
-0.013031006,-0.0126953125,-0.03416443,1601283204196
-0.020477295,-0.013763428,-0.03630066,1601283204198
-0.027938843,-0.011627197,-0.035232544,1601283204200
-0.034332275,-0.0020446777,-0.033111572,1601283204204
-0.037521362,0.011810303,-0.030975342,1601283204210
-0.036468506,0.024597168,-0.027786255,1601283204214
-0.03326416,0.036315918,-0.02458191,1601283204224
-0.025802612,0.043762207,-0.020324707,1601283204227
-0.018356323,0.049087524,-0.017120361,1601283204229
-0.011962891,0.05229187,-0.01499939,1601283204237
-0.0066375732,0.05441284,-0.012863159,1601283204239
-0.0034332275,0.05229187,-0.011795044,1601283204243
-0.0013122559,0.049087524,-0.011795044,1601283204249
8.239746E-4,0.045898438,-0.011795044,1601283204253
0.0040130615,0.04057312,-0.011795044,1601283204258
0.010406494,0.033111572,-0.012863159,1601283204264
0.018936157,0.022460938,-0.01499939,1601283204267
0.028518677,0.009674072,-0.017120361,1601283204274
0.03704834,-0.0020446777,-0.019256592,1601283204279
0.042373657,-0.010559082,-0.021392822,1601283204284
0.045562744,-0.0158844,-0.022460938,1601283204288
0.045562744,-0.016952515,-0.021392822,1601283204296
0.03916931,-0.013763428,-0.019256592,1601283204298
0.030654907,-0.00843811,-0.01499939,1601283204301
0.018936157,-9.765625E-4,-0.009674072,1601283204307
0.007217407,0.0075531006,-0.0022125244,1601283204312
-0.002380371,0.016067505,0.0052490234,1601283204317
-0.010894775,0.022460938,0.0126953125,1601283204322
-0.017288208,0.02671814,0.02015686,1601283204327
-0.019424438,0.02885437,0.026550293,1601283204332
-0.019424438,0.029922485,0.03187561,1601283204337
-0.016220093,0.02885437,0.03401184,1601283204344
-0.008758545,0.024597168,0.036132812,1601283204348
0.0018920898,0.01927185,0.03401184,1601283204352
0.01361084,0.012878418,0.02973938,1601283204357
0.02532959,0.0075531006,0.025482178,1601283204363
0.03704834,0.004348755,0.02015686,1601283204367
0.04876709,9.1552734E-5,0.013763428,1601283204373
0.057281494,-0.0041656494,0.00843811,1601283204379
0.06367493,-0.00843811,0.0020446777,1601283204383
0.06474304,-0.010559082,-0.0032806396,1601283204387
0.06260681,-0.009490967,-0.0064697266,1601283204399
0.055145264,-0.00630188,-0.008605957,1601283204401
0.043426514,-9.765625E-4,-0.008605957,1601283204404
0.028518677,0.00541687,-0.007537842,1601283204408
0.01361084,0.011810303,-0.004348755,1601283204416
-0.0013122559,0.01499939,-0.0011444092,1601283204418
-0.015151978,0.013946533,0.0020446777,1601283204423
-0.022613525,0.008605957,0.003112793,1601283204432
-0.027938843,0.0022277832,0.004180908,1601283204433
-0.026870728,-0.0020446777,0.0052490234,1601283204439
-0.022613525,-0.0052337646,0.003112793,1601283204446
-0.015151978,-0.00630188,-0.0011444092,1601283204448
-0.005569458,-0.00843811,-0.0064697266,1601283204454
0.002960205,-0.011627197,-0.011795044,1601283204462
0.010406494,-0.014816284,-0.016067505,1601283204464
0.017868042,-0.016952515,-0.021392822,1601283204468
0.024261475,-0.021209717,-0.02671814,1601283204473
0.028518677,-0.024414062,-0.030975342,1601283204478
0.031723022,-0.02760315,-0.033111572,1601283204486
0.033843994,-0.026535034,-0.033111572,1601283204489
0.03491211,-0.022277832,-0.032043457,1601283204496
0.03491211,-0.013763428,-0.02671814,1601283204498
0.03491211,-0.0041656494,-0.021392822,1601283204503
0.03491211,0.0032806396,-0.01499939,1601283204512
0.03277588,0.0075531006,-0.008605957,1601283204516
0.030654907,0.0075531006,-0.0022125244,1601283204519
0.027450562,0.004348755,0.003112793,1601283204524
0.02319336,0.0032806396,0.007369995,1601283204538
0.018936157,0.0022277832,0.009506226,1601283204542
0.012542725,9.1552734E-5,0.010574341,1601283204545
0.0050811768,-0.0030975342,0.009506226,1601283204547
-0.002380371,-0.007369995,0.00843811,1601283204549
-0.010894775,-0.011627197,0.00630188,1601283204561
-0.018356323,-0.0158844,0.004180908,1601283204562
-0.024749756,-0.01802063,0.0020446777,1601283204563
-0.030075073,-0.020141602,-0.0011444092,1601283204570
-0.03326416,-0.020141602,-0.004348755,1601283204573
-0.034332275,-0.020141602,-0.007537842,1601283204579
-0.034332275,-0.01802063,-0.008605957,1601283204583
-0.030075073,-0.016952515,-0.0107421875,1601283204590
-0.024749756,-0.016952515,-0.012863159,1601283204593
-0.018356323,-0.016952515,-0.016067505,1601283204600
-0.011962891,-0.019088745,-0.016067505,1601283204605
-0.0077056885,-0.020141602,-0.016067505,1601283204610
-0.004501343,-0.020141602,-0.016067505,1601283204613
-0.0013122559,-0.01802063,-0.016067505,1601283204619
-2.4414062E-4,-0.013763428,-0.01499939,1601283204624
8.239746E-4,-0.00843811,-0.01499939,1601283204630
-2.4414062E-4,-0.0030975342,-0.01499939,1601283204633
-0.0034332275,0.0032806396,-0.01499939,1601283204638
-0.0077056885,0.009674072,-0.016067505,1601283204645
-0.011962891,0.013946533,-0.016067505,1601283204650
-0.017288208,0.016067505,-0.017120361,1601283204654
-0.022613525,0.012878418,-0.017120361,1601283204659
-0.027938843,0.008605957,-0.01499939,1601283204667
-0.03112793,0.0032806396,-0.0107421875,1601283204669
-0.032196045,-0.0020446777,-0.007537842,1601283204674
-0.03112793,-0.00843811,-0.004348755,1601283204684
-0.026870728,-0.014816284,-0.0022125244,1601283204685
-0.022613525,-0.021209717,-0.0022125244,1601283204688
-0.015151978,-0.025482178,-0.0011444092,1601283204694
-0.005569458,-0.025482178,-7.6293945E-5,1601283204698
0.0050811768,-0.020141602,-7.6293945E-5,1601283204703
0.016799927,-0.011627197,-0.0022125244,1601283204715
0.028518677,-9.765625E-4,-0.004348755,1601283204716
0.03916931,0.0075531006,-0.007537842,1601283204719
0.04876709,0.012878418,-0.008605957,1601283204723
0.05621338,0.013946533,-0.009674072,1601283204730
0.06047058,0.009674072,-0.008605957,1601283204735
0.061538696,0.001159668,-0.00541687,1601283204738
0.05834961,-0.007369995,-7.6293945E-5,1601283204744
0.049819946,-0.0126953125,0.00630188,1601283204749
0.03704834,-0.013763428,0.013763428,1601283204754
0.021057129,-0.013763428,0.02015686,1601283204765
0.002960205,-0.011627197,0.025482178,1601283204766
-0.016220093,-0.007369995,0.030807495,1601283204770
-0.03540039,-0.0020446777,0.03401184,1601283204774
-0.052444458,0.004348755,0.036132812,1601283204781
-0.06628418,0.011810303,0.037200928,1601283204784
-0.076934814,0.01499939,0.03401184,1601283204791
-0.08226013,0.013946533,0.030807495,1601283204799
-0.08332825,0.009674072,0.025482178,1601283204801
-0.079071045,0.004348755,0.019088745,1601283204803
-0.07055664,-9.765625E-4,0.013763428,1601283204811
-0.05883789,-0.0052337646,0.00843811,1601283204813
-0.04498291,-0.00843811,0.003112793,1601283204820
-0.026870728,-0.011627197,-0.0011444092,1601283204824
-0.0077056885,-0.013763428,-0.00541687,1601283204830
0.012542725,-0.013763428,-0.008605957,1601283204835
0.029586792,-0.013763428,-0.0107421875,1601283204839
0.043426514,-0.013763428,-0.012863159,1601283204849
0.051956177,-0.0126953125,-0.016067505,1601283204852
0.054092407,-0.0126953125,-0.018188477,1601283204855
0.04876709,-0.0126953125,-0.021392822,1601283204861
0.03704834,-0.014816284,-0.023513794,1601283204864
0.021057129,-0.0158844,-0.02458191,1601283204872
8.239746E-4,-0.014816284,-0.02458191,1601283204875
-0.017288208,-0.0126953125,-0.023513794,1601283204885
-0.034332275,-0.00843811,-0.021392822,1601283204887
-0.04711914,-0.0030975342,-0.020324707,1601283204892
-0.057769775,0.001159668,-0.020324707,1601283204894
-0.06309509,0.004348755,-0.020324707,1601283204904
-0.06628418,0.00541687,-0.020324707,1601283204908
-0.06628418,0.00541687,-0.019256592,1601283204911
-0.06416321,0.004348755,-0.020324707,1601283204917
-0.05883789,0.0032806396,-0.020324707,1601283204919
-0.051376343,0.001159668,-0.020324707,1601283204928
-0.043914795,-0.0020446777,-0.019256592,1601283204932
-0.036468506,-0.0052337646,-0.019256592,1601283204937
-0.029006958,-0.00843811,-0.019256592,1601283204941
-0.02154541,-0.011627197,-0.018188477,1601283204947
-0.015151978,-0.013763428,-0.01499939,1601283204950
-0.00982666,-0.014816284,-0.012863159,1601283204956
-0.0034332275,-0.013763428,-0.0107421875,1601283204961
0.0018920898,-0.009490967,-0.007537842,1601283204964
0.007217407,-0.0052337646,-0.00541687,1601283204969
0.011474609,9.1552734E-5,-0.0032806396,1601283204979
0.012542725,0.0022277832,-0.0022125244,1601283204984
0.011474609,0.004348755,-0.0022125244,1601283204987
0.009338379,0.004348755,-0.0032806396,1601283204994
0.006149292,0.0022277832,-0.0032806396,1601283204995
0.0018920898,9.1552734E-5,-0.00541687,1601283205006
-0.0034332275,-0.0030975342,-0.0064697266,1601283205010
-0.00982666,-0.0052337646,-0.007537842,1601283205014
-0.017288208,-0.00630188,-0.007537842,1601283205016
-0.025802612,-0.00630188,-0.0064697266,1601283205021
-0.034332275,-0.0041656494,-0.004348755,1601283205026
-0.041793823,-0.0020446777,-7.6293945E-5,1601283205036
-0.046051025,0.001159668,0.0052490234,1601283205038
-0.04498291,0.00541687,0.010574341,1601283205041
-0.038589478,0.009674072,0.014831543,1601283205050
-0.026870728,0.011810303,0.019088745,1601283205053
-0.010894775,0.011810303,0.02015686,1601283205056
0.008285522,0.0064849854,0.02015686,1601283205064
0.027450562,-9.765625E-4,0.01802063,1601283205065
0.04449463,-0.011627197,0.015899658,1601283205069
0.05834961,-0.022277832,0.011642456,1601283205076
0.06793213,-0.03186035,0.007369995,1601283205079
0.071136475,-0.0393219,0.003112793,1601283205084
0.06793213,-0.042526245,-0.0011444092,1601283205092
0.05834961,-0.040390015,-0.0032806396,1601283205096
0.045562744,-0.033996582,-0.004348755,1601283205100
0.029586792,-0.024414062,-0.0032806396,1601283205104
0.011474609,-0.013763428,-0.0022125244,1601283205111
-0.0066375732,-0.0020446777,9.765625E-4,1601283205115
-0.022613525,0.009674072,0.004180908,1601283205120
-0.036468506,0.01927185,0.007369995,1601283205125
-0.048171997,0.02671814,0.009506226,1601283205139
-0.05670166,0.033111572,0.009506226,1601283205140
-0.060958862,0.035247803,0.009506226,1601283205141
-0.059890747,0.035247803,0.00630188,1601283205145
-0.055633545,0.02885437,0.004180908,1601283205149
-0.049240112,0.020324707,-0.0011444092,1601283205154
-0.039657593,0.008605957,-0.00541687,1601283205160
-0.029006958,-0.0030975342,-0.0107421875,1601283205166
-0.017288208,-0.0126953125,-0.01499939,1601283205170
-0.005569458,-0.019088745,-0.017120361,1601283205175
0.006149292,-0.022277832,-0.019256592,1601283205179
0.015731812,-0.021209717,-0.019256592,1601283205185
0.024261475,-0.0158844,-0.019256592,1601283205193
0.029586792,-0.00843811,-0.017120361,1601283205195
0.03277588,-0.0030975342,-0.013931274,1601283205199
0.030654907,0.0022277832,-0.011795044,1601283205205
0.024261475,0.00541687,-0.008605957,1601283205211
0.014678955,0.0064849854,-0.00541687,1601283205215
0.002960205,0.00541687,-0.0032806396,1601283205219
-0.010894775,0.0022277832,-7.6293945E-5,1601283205226
-0.02368164,-9.765625E-4,0.0020446777,1601283205233
-0.034332275,-9.765625E-4,0.0020446777,1601283205235
-0.04284668,0.0022277832,-7.6293945E-5,1601283205243
-0.048171997,0.00541687,-0.0022125244,1601283205245
-0.049240112,0.009674072,-0.0064697266,1601283205250
-0.046051025,0.01499939,-0.0107421875,1601283205262
-0.039657593,0.01927185,-0.01499939,1601283205264
-0.03112793,0.023529053,-0.017120361,1601283205266
-0.020477295,0.02885437,-0.017120361,1601283205272
-0.0077056885,0.0309906,-0.01499939,1601283205275
0.007217407,0.029922485,-0.012863159,1601283205287
0.021057129,0.027786255,-0.008605957,1601283205291
0.03491211,0.024597168,-0.0032806396,1601283205295
0.04663086,0.021392822,9.765625E-4,1601283205297
0.05621338,0.016067505,0.00630188,1601283205304
0.06367493,0.012878418,0.009506226,1601283205306
0.06686401,0.0107421875,0.013763428,1601283205311
0.06581116,0.0075531006,0.016967773,1601283205317
0.061538696,0.0022277832,0.01802063,1601283205320
0.053024292,-0.0041656494,0.019088745,1601283205327
0.042373657,-0.009490967,0.019088745,1601283205330
0.029586792,-0.013763428,0.01802063,1601283205335
0.014678955,-0.0158844,0.015899658,1601283205341
-0.0013122559,-0.014816284,0.011642456,1601283205345
-0.016220093,-0.0126953125,0.007369995,1601283205350
-0.030075073,-0.009490967,0.0020446777,1601283205358
-0.040725708,-0.0052337646,-0.0032806396,1601283205362
-0.048171997,9.1552734E-5,-0.007537842,1601283205365
-0.052444458,0.0032806396,-0.009674072,1601283205370
-0.05456543,0.004348755,-0.011795044,1601283205378
-0.051376343,0.00541687,-0.012863159,1601283205380
-0.043914795,0.0032806396,-0.01499939,1601283205386
-0.03326416,-9.765625E-4,-0.01499939,1601283205390
-0.018356323,-0.007369995,-0.013931274,1601283205400
-0.0013122559,-0.014816284,-0.0107421875,1601283205403
0.015731812,-0.021209717,-0.00541687,1601283205409
0.031723022,-0.025482178,9.765625E-4,1601283205417
0.043426514,-0.028671265,0.00843811,1601283205418
0.05088806,-0.030807495,0.015899658,1601283205428
0.054092407,-0.030807495,0.02229309,1601283205429
0.054092407,-0.02973938,0.027618408,1601283205434
0.05088806,-0.02760315,0.03187561,1601283205435
0.04449463,-0.023345947,0.03187561,1601283205440
0.033843994,-0.020141602,0.02973938,1601283205445
0.022125244,-0.014816284,0.026550293,1601283205451
0.008285522,-0.009490967,0.021224976,1601283205460
-0.0066375732,-0.0052337646,0.015899658,1601283205463
-0.02154541,-0.0020446777,0.010574341,1601283205466
-0.03540039,-0.0020446777,0.0052490234,1601283205474
-0.04711914,-0.0041656494,-7.6293945E-5,1601283205477
-0.057769775,-0.007369995,-0.004348755,1601283205481
-0.06309509,-0.010559082,-0.008605957,1601283205485
-0.06628418,-0.014816284,-0.0107421875,1601283205494
-0.065216064,-0.01802063,-0.0107421875,1601283205496
-0.059890747,-0.019088745,-0.0107421875,1601283205501
-0.050308228,-0.016952515,-0.009674072,1601283205509
-0.040725708,-0.013763428,-0.007537842,1601283205513
-0.030075073,-0.009490967,-0.0064697266,1601283205516
-0.018356323,-0.0041656494,-0.0032806396,1601283205527
-0.0077056885,0.0022277832,-7.6293945E-5,1601283205528
0.002960205,0.008605957,0.003112793,1601283205532
0.012542725,0.011810303,0.0052490234,1601283205536
0.021057129,0.012878418,0.00843811,1601283205544
0.026382446,0.008605957,0.010574341,1601283205547
0.029586792,0.0022277832,0.0126953125,1601283205551
0.031723022,-0.0030975342,0.014831543,1601283205561
0.029586792,-0.007369995,0.016967773,1601283205563
0.026382446,-0.011627197,0.01802063,1601283205567
0.020004272,-0.013763428,0.015899658,1601283205572
0.012542725,-0.014816284,0.013763428,1601283205580
0.0018920898,-0.013763428,0.010574341,1601283205583
-0.0077056885,-0.0126953125,0.007369995,1601283205585
-0.016220093,-0.010559082,0.003112793,1601283205593
-0.024749756,-0.0052337646,-7.6293945E-5,1601283205596
-0.029006958,9.1552734E-5,-0.0022125244,1601283205601
-0.030075073,0.0064849854,-0.004348755,1601283205607
-0.029006958,0.012878418,-0.0064697266,1601283205610
-0.026870728,0.018203735,-0.0064697266,1601283205616
-0.02154541,0.021392822,-0.0064697266,1601283205623
-0.015151978,0.022460938,-0.004348755,1601283205626
-0.0077056885,0.020324707,-0.0022125244,1601283205630
8.239746E-4,0.018203735,9.765625E-4,1601283205640
0.007217407,0.01499939,0.003112793,1601283205642
0.012542725,0.011810303,0.0052490234,1601283205647
0.015731812,0.008605957,0.00630188,1601283205651
0.016799927,0.0064849854,0.00630188,1601283205657
0.016799927,0.00541687,0.007369995,1601283205665
0.014678955,0.0064849854,0.007369995,1601283205667
0.009338379,0.008605957,0.007369995,1601283205675
0.002960205,0.011810303,0.00630188,1601283205677
-0.005569458,0.01499939,0.0052490234,1601283205687
-0.015151978,0.018203735,0.003112793,1601283205689
-0.024749756,0.022460938,-7.6293945E-5,1601283205693
-0.03326416,0.02671814,-0.0022125244,1601283205698
-0.039657593,0.032043457,-0.004348755,1601283205703
-0.04284668,0.037368774,-0.0064697266,1601283205711
-0.04284668,0.04057312,-0.007537842,1601283205713
-0.038589478,0.04057312,-0.0064697266,1601283205718
-0.03112793,0.03843689,-0.00541687,1601283205725
-0.02154541,0.033111572,-0.0032806396,1601283205727
-0.00982666,0.02885437,-7.6293945E-5,1601283205734
0.0018920898,0.025665283,0.0020446777,1601283205736
0.014678955,0.021392822,0.0052490234,1601283205741
0.026382446,0.016067505,0.007369995,1601283205746
0.03491211,0.009674072,0.00843811,1601283205750
0.040237427,0.0022277832,0.00843811,1601283205756
0.042373657,-0.00630188,0.00843811,1601283205761
0.041305542,-0.013763428,0.00843811,1601283205766
0.03704834,-0.01802063,0.00843811,1601283205773
0.030654907,-0.019088745,0.007369995,1601283205776
0.022125244,-0.016952515,0.007369995,1601283205782
0.011474609,-0.0126953125,0.00630188,1601283205790
-0.0013122559,-0.00630188,0.00630188,1601283205793
-0.015151978,0.001159668,0.00630188,1601283205797
-0.027938843,0.009674072,0.0052490234,1601283205801
-0.038589478,0.016067505,0.00630188,1601283205811
-0.04498291,0.020324707,0.00630188,1601283205814
-0.048171997,0.023529053,0.0052490234,1601283205816
-0.04711914,0.024597168,0.0052490234,1601283205829
-0.04284668,0.023529053,0.0052490234,1601283205835
-0.03540039,0.01927185,0.00630188,1601283205840
-0.025802612,0.012878418,0.007369995,1601283205842
-0.015151978,0.0064849854,0.00843811,1601283205844
