NaN,NaN,NaN,1601283196820
NaN,NaN,NaN,1601283196835
NaN,NaN,NaN,1601283196844
NaN,NaN,NaN,1601283196864
NaN,NaN,NaN,1601283196882
NaN,NaN,NaN,1601283196903
NaN,NaN,NaN,1601283196915
NaN,NaN,NaN,1601283196936
NaN,NaN,NaN,1601283196953
NaN,NaN,NaN,1601283196976
NaN,NaN,NaN,1601283196993
NaN,NaN,NaN,1601283197019
NaN,NaN,NaN,1601283197035
NaN,NaN,NaN,1601283197063
NaN,NaN,NaN,1601283197081
NaN,NaN,NaN,1601283197098
NaN,NaN,NaN,1601283197114
NaN,NaN,NaN,1601283197132
NaN,NaN,NaN,1601283197154
NaN,NaN,NaN,1601283197173
NaN,NaN,NaN,1601283197200
NaN,NaN,NaN,1601283197214
NaN,NaN,NaN,1601283197232
NaN,NaN,NaN,1601283197257
NaN,NaN,NaN,1601283197275
NaN,NaN,NaN,1601283197294
NaN,NaN,NaN,1601283197313
NaN,NaN,NaN,1601283197332
NaN,NaN,NaN,1601283197352
NaN,NaN,NaN,1601283197374
NaN,NaN,NaN,1601283197392
NaN,NaN,NaN,1601283197413
NaN,NaN,NaN,1601283197431
NaN,NaN,NaN,1601283197454
NaN,NaN,NaN,1601283197473
NaN,NaN,NaN,1601283197493
NaN,NaN,NaN,1601283197514
NaN,NaN,NaN,1601283197532
NaN,NaN,NaN,1601283197554
NaN,NaN,NaN,1601283197572
NaN,NaN,NaN,1601283197597
NaN,NaN,NaN,1601283197612
NaN,NaN,NaN,1601283197632
NaN,NaN,NaN,1601283197651
NaN,NaN,NaN,1601283197671
NaN,NaN,NaN,1601283197694
NaN,NaN,NaN,1601283197711
NaN,NaN,NaN,1601283197733
NaN,NaN,NaN,1601283197750
NaN,NaN,NaN,1601283197771
NaN,NaN,NaN,1601283197794
NaN,NaN,NaN,1601283197812
NaN,NaN,NaN,1601283197831
NaN,NaN,NaN,1601283197854
NaN,NaN,NaN,1601283197871
NaN,NaN,NaN,1601283197893
NaN,NaN,NaN,1601283197913
NaN,NaN,NaN,1601283197932
NaN,NaN,NaN,1601283197951
NaN,NaN,NaN,1601283197971
NaN,NaN,NaN,1601283197996
NaN,NaN,NaN,1601283198014
NaN,NaN,NaN,1601283198038
NaN,NaN,NaN,1601283198058
NaN,NaN,NaN,1601283198073
NaN,NaN,NaN,1601283198093
NaN,NaN,NaN,1601283198113
NaN,NaN,NaN,1601283198131
NaN,NaN,NaN,1601283198152
NaN,NaN,NaN,1601283198176
NaN,NaN,NaN,1601283198193
NaN,NaN,NaN,1601283198210
NaN,NaN,NaN,1601283198232
NaN,NaN,NaN,1601283198252
NaN,NaN,NaN,1601283198277
NaN,NaN,NaN,1601283198294
NaN,NaN,NaN,1601283198314
NaN,NaN,NaN,1601283198333
NaN,NaN,NaN,1601283198354
NaN,NaN,NaN,1601283198375
NaN,NaN,NaN,1601283198395
NaN,NaN,NaN,1601283198416
NaN,NaN,NaN,1601283198438
NaN,NaN,NaN,1601283198454
NaN,NaN,NaN,1601283198478
NaN,NaN,NaN,1601283198494
NaN,NaN,NaN,1601283198515
NaN,NaN,NaN,1601283198531
NaN,NaN,NaN,1601283198553
NaN,NaN,NaN,1601283198578
NaN,NaN,NaN,1601283198591
NaN,NaN,NaN,1601283198612
NaN,NaN,NaN,1601283198631
NaN,NaN,NaN,1601283198651
NaN,NaN,NaN,1601283198671
NaN,NaN,NaN,1601283198693
NaN,NaN,NaN,1601283198719
NaN,NaN,NaN,1601283198731
NaN,NaN,NaN,1601283198751
NaN,NaN,NaN,1601283198775
NaN,NaN,NaN,1601283198790
NaN,NaN,NaN,1601283198811
NaN,NaN,NaN,1601283198831
NaN,NaN,NaN,1601283198851
NaN,NaN,NaN,1601283198872
NaN,NaN,NaN,1601283198891
NaN,NaN,NaN,1601283198913
NaN,NaN,NaN,1601283198931
NaN,NaN,NaN,1601283198957
NaN,NaN,NaN,1601283198975
NaN,NaN,NaN,1601283198997
NaN,NaN,NaN,1601283199020
NaN,NaN,NaN,1601283199037
NaN,NaN,NaN,1601283199055
NaN,NaN,NaN,1601283199077
NaN,NaN,NaN,1601283199091
NaN,NaN,NaN,1601283199110
NaN,NaN,NaN,1601283199131
NaN,NaN,NaN,1601283199153
NaN,NaN,NaN,1601283199172
NaN,NaN,NaN,1601283199197
NaN,NaN,NaN,1601283199211
NaN,NaN,NaN,1601283199231
NaN,NaN,NaN,1601283199251
NaN,NaN,NaN,1601283199271
NaN,NaN,NaN,1601283199294
NaN,NaN,NaN,1601283199311
NaN,NaN,NaN,1601283199330
NaN,NaN,NaN,1601283199351
NaN,NaN,NaN,1601283199372
NaN,NaN,NaN,1601283199391
NaN,NaN,NaN,1601283199412
NaN,NaN,NaN,1601283199435
NaN,NaN,NaN,1601283199454
NaN,NaN,NaN,1601283199470
NaN,NaN,NaN,1601283199493
NaN,NaN,NaN,1601283199511
NaN,NaN,NaN,1601283199530
NaN,NaN,NaN,1601283199557
NaN,NaN,NaN,1601283199577
NaN,NaN,NaN,1601283199595
NaN,NaN,NaN,1601283199612
NaN,NaN,NaN,1601283199631
NaN,NaN,NaN,1601283199655
NaN,NaN,NaN,1601283199672
NaN,NaN,NaN,1601283199692
NaN,NaN,NaN,1601283199710
NaN,NaN,NaN,1601283199733
NaN,NaN,NaN,1601283199753
NaN,NaN,NaN,1601283199772
NaN,NaN,NaN,1601283199792
NaN,NaN,NaN,1601283199812
NaN,NaN,NaN,1601283199835
NaN,NaN,NaN,1601283199853
NaN,NaN,NaN,1601283199877
NaN,NaN,NaN,1601283199891
NaN,NaN,NaN,1601283199911
NaN,NaN,NaN,1601283199934
NaN,NaN,NaN,1601283199954
NaN,NaN,NaN,1601283199972
NaN,NaN,NaN,1601283199991
NaN,NaN,NaN,1601283200012
NaN,NaN,NaN,1601283200034
NaN,NaN,NaN,1601283200052
NaN,NaN,NaN,1601283200073
NaN,NaN,NaN,1601283200095
NaN,NaN,NaN,1601283200115
NaN,NaN,NaN,1601283200134
NaN,NaN,NaN,1601283200156
NaN,NaN,NaN,1601283200170
NaN,NaN,NaN,1601283200190
NaN,NaN,NaN,1601283200209
NaN,NaN,NaN,1601283200232
NaN,NaN,NaN,1601283200252
NaN,NaN,NaN,1601283200274
NaN,NaN,NaN,1601283200291
NaN,NaN,NaN,1601283200311
NaN,NaN,NaN,1601283200331
NaN,NaN,NaN,1601283200354
NaN,NaN,NaN,1601283200371
NaN,NaN,NaN,1601283200391
NaN,NaN,NaN,1601283200416
NaN,NaN,NaN,1601283200430
NaN,NaN,NaN,1601283200449
NaN,NaN,NaN,1601283200472
NaN,NaN,NaN,1601283200490
NaN,NaN,NaN,1601283200514
NaN,NaN,NaN,1601283200534
NaN,NaN,NaN,1601283200549
NaN,NaN,NaN,1601283200569
NaN,NaN,NaN,1601283200590
NaN,NaN,NaN,1601283200613
NaN,NaN,NaN,1601283200633
NaN,NaN,NaN,1601283200651
NaN,NaN,NaN,1601283200669
NaN,NaN,NaN,1601283200692
NaN,NaN,NaN,1601283200710
NaN,NaN,NaN,1601283200731
NaN,NaN,NaN,1601283200752
NaN,NaN,NaN,1601283200775
NaN,NaN,NaN,1601283200796
NaN,NaN,NaN,1601283200811
NaN,NaN,NaN,1601283200830
NaN,NaN,NaN,1601283200849
NaN,NaN,NaN,1601283200870
NaN,NaN,NaN,1601283200890
NaN,NaN,NaN,1601283200914
NaN,NaN,NaN,1601283200935
NaN,NaN,NaN,1601283200950
NaN,NaN,NaN,1601283200970
NaN,NaN,NaN,1601283200991
NaN,NaN,NaN,1601283201012
NaN,NaN,NaN,1601283201036
NaN,NaN,NaN,1601283201058
NaN,NaN,NaN,1601283201074
NaN,NaN,NaN,1601283201091
NaN,NaN,NaN,1601283201112
NaN,NaN,NaN,1601283201134
NaN,NaN,NaN,1601283201150
NaN,NaN,NaN,1601283201172
NaN,NaN,NaN,1601283201195
NaN,NaN,NaN,1601283201212
NaN,NaN,NaN,1601283201233
NaN,NaN,NaN,1601283201250
NaN,NaN,NaN,1601283201269
NaN,NaN,NaN,1601283201291
NaN,NaN,NaN,1601283201316
NaN,NaN,NaN,1601283201331
NaN,NaN,NaN,1601283201349
NaN,NaN,NaN,1601283201371
NaN,NaN,NaN,1601283201394
NaN,NaN,NaN,1601283201415
NaN,NaN,NaN,1601283201431
NaN,NaN,NaN,1601283201452
NaN,NaN,NaN,1601283201472
NaN,NaN,NaN,1601283201496
NaN,NaN,NaN,1601283201513
NaN,NaN,NaN,1601283201530
NaN,NaN,NaN,1601283201551
NaN,NaN,NaN,1601283201570
NaN,NaN,NaN,1601283201592
NaN,NaN,NaN,1601283201614
NaN,NaN,NaN,1601283201633
NaN,NaN,NaN,1601283201651
NaN,NaN,NaN,1601283201669
NaN,NaN,NaN,1601283201691
NaN,NaN,NaN,1601283201715
NaN,NaN,NaN,1601283201734
NaN,NaN,NaN,1601283201749
NaN,NaN,NaN,1601283201769
NaN,NaN,NaN,1601283201794
NaN,NaN,NaN,1601283201811
NaN,NaN,NaN,1601283201833
NaN,NaN,NaN,1601283201849
NaN,NaN,NaN,1601283201869
NaN,NaN,NaN,1601283201889
NaN,NaN,NaN,1601283201910
NaN,NaN,NaN,1601283201929
NaN,NaN,NaN,1601283201951
NaN,NaN,NaN,1601283201969
NaN,NaN,NaN,1601283201991
NaN,NaN,NaN,1601283202009
NaN,NaN,NaN,1601283202029
NaN,NaN,NaN,1601283202048
NaN,NaN,NaN,1601283202070
NaN,NaN,NaN,1601283202092
NaN,NaN,NaN,1601283202111
NaN,NaN,NaN,1601283202129
NaN,NaN,NaN,1601283202149
NaN,NaN,NaN,1601283202169
NaN,NaN,NaN,1601283202190
NaN,NaN,NaN,1601283202214
NaN,NaN,NaN,1601283202230
NaN,NaN,NaN,1601283202249
NaN,NaN,NaN,1601283202271
NaN,NaN,NaN,1601283202289
NaN,NaN,NaN,1601283202310
NaN,NaN,NaN,1601283202334
NaN,NaN,NaN,1601283202354
NaN,NaN,NaN,1601283202373
NaN,NaN,NaN,1601283202389
NaN,NaN,NaN,1601283202409
NaN,NaN,NaN,1601283202430
NaN,NaN,NaN,1601283202449
NaN,NaN,NaN,1601283202472
NaN,NaN,NaN,1601283202492
NaN,NaN,NaN,1601283202509
NaN,NaN,NaN,1601283202530
NaN,NaN,NaN,1601283202553
NaN,NaN,NaN,1601283202574
NaN,NaN,NaN,1601283202593
NaN,NaN,NaN,1601283202613
NaN,NaN,NaN,1601283202631
NaN,NaN,NaN,1601283202649
NaN,NaN,NaN,1601283202669
NaN,NaN,NaN,1601283202689
NaN,NaN,NaN,1601283202709
NaN,NaN,NaN,1601283202730
NaN,NaN,NaN,1601283202751
NaN,NaN,NaN,1601283202772
NaN,NaN,NaN,1601283202789
NaN,NaN,NaN,1601283202809
NaN,NaN,NaN,1601283202833
NaN,NaN,NaN,1601283202856
NaN,NaN,NaN,1601283202870
NaN,NaN,NaN,1601283202890
NaN,NaN,NaN,1601283202909
NaN,NaN,NaN,1601283202929
NaN,NaN,NaN,1601283202950
NaN,NaN,NaN,1601283202970
NaN,NaN,NaN,1601283202990
NaN,NaN,NaN,1601283203011
NaN,NaN,NaN,1601283203030
NaN,NaN,NaN,1601283203053
NaN,NaN,NaN,1601283203072
NaN,NaN,NaN,1601283203094
NaN,NaN,NaN,1601283203111
NaN,NaN,NaN,1601283203130
NaN,NaN,NaN,1601283203156
NaN,NaN,NaN,1601283203170
NaN,NaN,NaN,1601283203190
NaN,NaN,NaN,1601283203210
NaN,NaN,NaN,1601283203228
NaN,NaN,NaN,1601283203248
NaN,NaN,NaN,1601283203271
NaN,NaN,NaN,1601283203288
NaN,NaN,NaN,1601283203309
NaN,NaN,NaN,1601283203328
NaN,NaN,NaN,1601283203356
NaN,NaN,NaN,1601283203374
NaN,NaN,NaN,1601283203389
NaN,NaN,NaN,1601283203411
NaN,NaN,NaN,1601283203428
NaN,NaN,NaN,1601283203451
NaN,NaN,NaN,1601283203473
NaN,NaN,NaN,1601283203489
NaN,NaN,NaN,1601283203508
NaN,NaN,NaN,1601283203528
NaN,NaN,NaN,1601283203551
NaN,NaN,NaN,1601283203571
NaN,NaN,NaN,1601283203593
NaN,NaN,NaN,1601283203611
NaN,NaN,NaN,1601283203628
NaN,NaN,NaN,1601283203648
NaN,NaN,NaN,1601283203674
NaN,NaN,NaN,1601283203690
NaN,NaN,NaN,1601283203709
NaN,NaN,NaN,1601283203729
NaN,NaN,NaN,1601283203748
NaN,NaN,NaN,1601283203769
NaN,NaN,NaN,1601283203789
NaN,NaN,NaN,1601283203807
NaN,NaN,NaN,1601283203830
NaN,NaN,NaN,1601283203849
NaN,NaN,NaN,1601283203869
NaN,NaN,NaN,1601283203887
NaN,NaN,NaN,1601283203908
NaN,NaN,NaN,1601283203929
NaN,NaN,NaN,1601283203948
NaN,NaN,NaN,1601283203967
NaN,NaN,NaN,1601283203989
NaN,NaN,NaN,1601283204008
NaN,NaN,NaN,1601283204033
NaN,NaN,NaN,1601283204047
NaN,NaN,NaN,1601283204069
NaN,NaN,NaN,1601283204088
NaN,NaN,NaN,1601283204108
NaN,NaN,NaN,1601283204131
NaN,NaN,NaN,1601283204148
NaN,NaN,NaN,1601283204174
NaN,NaN,NaN,1601283204197
NaN,NaN,NaN,1601283204212
NaN,NaN,NaN,1601283204230
NaN,NaN,NaN,1601283204249
NaN,NaN,NaN,1601283204268
NaN,NaN,NaN,1601283204289
NaN,NaN,NaN,1601283204308
NaN,NaN,NaN,1601283204328
NaN,NaN,NaN,1601283204348
NaN,NaN,NaN,1601283204369
NaN,NaN,NaN,1601283204389
NaN,NaN,NaN,1601283204409
NaN,NaN,NaN,1601283204432
NaN,NaN,NaN,1601283204449
NaN,NaN,NaN,1601283204469
NaN,NaN,NaN,1601283204490
NaN,NaN,NaN,1601283204512
NaN,NaN,NaN,1601283204538
NaN,NaN,NaN,1601283204550
NaN,NaN,NaN,1601283204569
NaN,NaN,NaN,1601283204591
NaN,NaN,NaN,1601283204611
NaN,NaN,NaN,1601283204630
NaN,NaN,NaN,1601283204650
NaN,NaN,NaN,1601283204670
NaN,NaN,NaN,1601283204687
NaN,NaN,NaN,1601283204711
NaN,NaN,NaN,1601283204728
NaN,NaN,NaN,1601283204747
NaN,NaN,NaN,1601283204768
NaN,NaN,NaN,1601283204788
NaN,NaN,NaN,1601283204809
NaN,NaN,NaN,1601283204829
NaN,NaN,NaN,1601283204851
NaN,NaN,NaN,1601283204870
NaN,NaN,NaN,1601283204890
NaN,NaN,NaN,1601283204909
NaN,NaN,NaN,1601283204931
NaN,NaN,NaN,1601283204949
NaN,NaN,NaN,1601283204967
NaN,NaN,NaN,1601283204988
NaN,NaN,NaN,1601283205011
NaN,NaN,NaN,1601283205035
NaN,NaN,NaN,1601283205051
NaN,NaN,NaN,1601283205067
NaN,NaN,NaN,1601283205087
NaN,NaN,NaN,1601283205110
NaN,NaN,NaN,1601283205134
NaN,NaN,NaN,1601283205147
NaN,NaN,NaN,1601283205167
NaN,NaN,NaN,1601283205187
NaN,NaN,NaN,1601283205210
NaN,NaN,NaN,1601283205227
NaN,NaN,NaN,1601283205248
NaN,NaN,NaN,1601283205268
NaN,NaN,NaN,1601283205292
NaN,NaN,NaN,1601283205307
NaN,NaN,NaN,1601283205328
NaN,NaN,NaN,1601283205347
NaN,NaN,NaN,1601283205367
NaN,NaN,NaN,1601283205387
NaN,NaN,NaN,1601283205410
NaN,NaN,NaN,1601283205431
NaN,NaN,NaN,1601283205447
NaN,NaN,NaN,1601283205467
NaN,NaN,NaN,1601283205491
NaN,NaN,NaN,1601283205510
NaN,NaN,NaN,1601283205531
NaN,NaN,NaN,1601283205548
NaN,NaN,NaN,1601283205569
NaN,NaN,NaN,1601283205591
NaN,NaN,NaN,1601283205608
NaN,NaN,NaN,1601283205627
NaN,NaN,NaN,1601283205649
NaN,NaN,NaN,1601283205671
NaN,NaN,NaN,1601283205691
NaN,NaN,NaN,1601283205712
NaN,NaN,NaN,1601283205728
NaN,NaN,NaN,1601283205747
NaN,NaN,NaN,1601283205767
NaN,NaN,NaN,1601283205790
NaN,NaN,NaN,1601283205813
NaN,NaN,NaN,1601283205839
