267.40625,-61.25,-2.171875,1601283196877
267.40625,-61.25,-2.171875,1601283196881
267.40625,-61.25,-2.171875,1601283196885
267.40625,-61.25,-2.171875,1601283196888
267.40625,-61.25,2.171875,1601283196890
266.92188,-4.3125,0.765625,1601283196904
266.92188,-4.3125,0.765625,1601283196908
266.92188,-4.3125,0.765625,1601283196910
266.92188,-4.3125,0.765625,1601283196913
266.92188,-4.3125,0.765625,1601283196915
266.92188,-4.3125,0.765625,1601283196924
266.92188,-4.3125,0.765625,1601283196926
266.92188,-4.3125,0.765625,1601283196928
266.92188,-4.3125,0.765625,1601283196937
266.92188,-4.3125,0.765625,1601283196938
266.92188,-4.3125,0.765625,1601283196942
266.92188,-4.28125,0.765625,1601283196952
266.92188,-4.28125,0.765625,1601283196953
266.9375,-4.234375,0.75,1601283196960
266.9375,-4.234375,0.75,1601283196964
266.95312,-4.203125,0.734375,1601283196973
266.95312,-4.203125,0.734375,1601283196975
266.98438,-4.1875,0.71875,1601283196979
266.98438,-4.1875,0.71875,1601283196987
267.03125,-4.171875,0.71875,1601283196989
267.03125,-4.171875,0.71875,1601283196993
267.04688,-4.171875,0.703125,1601283197004
267.04688,-4.171875,0.703125,1601283197005
267.04688,-4.171875,0.703125,1601283197008
267.0625,-4.1875,0.703125,1601283197020
267.0625,-4.203125,0.71875,1601283197024
267.0625,-4.203125,0.71875,1601283197028
267.0625,-4.234375,0.71875,1601283197031
267.0625,-4.234375,0.71875,1601283197034
267.03125,-4.25,0.71875,1601283197045
267.03125,-4.25,0.71875,1601283197049
267.01562,-4.265625,0.734375,1601283197050
267.01562,-4.265625,0.734375,1601283197062
267.0,-4.28125,0.734375,1601283197066
267.0,-4.28125,0.734375,1601283197068
267.0,-4.28125,0.734375,1601283197070
267.0,-4.28125,0.75,1601283197082
267.0,-4.265625,0.75,1601283197084
267.0,-4.265625,0.75,1601283197085
267.01562,-4.25,0.734375,1601283197088
267.01562,-4.25,0.734375,1601283197097
267.03125,-4.234375,0.734375,1601283197101
267.03125,-4.234375,0.734375,1601283197102
267.04688,-4.21875,0.734375,1601283197110
267.04688,-4.21875,0.734375,1601283197115
267.04688,-4.21875,0.71875,1601283197119
267.04688,-4.21875,0.71875,1601283197125
267.0625,-4.203125,0.71875,1601283197131
267.04688,-4.203125,0.71875,1601283197135
267.04688,-4.203125,0.71875,1601283197138
267.04688,-4.203125,0.71875,1601283197149
267.04688,-4.203125,0.71875,1601283197150
267.04688,-4.203125,0.71875,1601283197159
267.04688,-4.203125,0.71875,1601283197160
267.04688,-4.203125,0.71875,1601283197167
267.04688,-4.203125,0.71875,1601283197170
267.04688,-4.171875,0.71875,1601283197176
267.04688,-4.171875,0.71875,1601283197184
267.04688,-4.171875,0.71875,1601283197186
267.04688,-4.171875,0.71875,1601283197191
267.09375,-4.125,0.71875,1601283197203
267.09375,-4.125,0.71875,1601283197205
267.09375,-4.125,0.71875,1601283197206
267.09375,-4.125,0.71875,1601283197209
267.14062,-4.03125,0.703125,1601283197218
267.14062,-4.03125,0.703125,1601283197220
267.14062,-4.03125,0.703125,1601283197224
267.14062,-4.03125,0.703125,1601283197230
267.1875,-3.96875,0.703125,1601283197234
267.1875,-3.96875,0.703125,1601283197240
267.1875,-3.96875,0.703125,1601283197244
267.1875,-3.96875,0.703125,1601283197256
267.21875,-3.921875,0.734375,1601283197261
267.21875,-3.921875,0.734375,1601283197263
267.21875,-3.921875,0.734375,1601283197265
267.21875,-3.921875,0.734375,1601283197275
267.21875,-3.9375,0.734375,1601283197277
267.21875,-3.9375,0.734375,1601283197278
267.21875,-3.9375,0.734375,1601283197285
267.21875,-3.9375,0.734375,1601283197289
267.23438,-4.0,0.734375,1601283197296
267.23438,-4.0,0.734375,1601283197299
267.23438,-4.0,0.734375,1601283197303
267.23438,-4.0,0.734375,1601283197312
267.26562,-3.984375,0.734375,1601283197315
267.26562,-3.984375,0.734375,1601283197319
267.26562,-3.984375,0.734375,1601283197325
267.26562,-3.984375,0.734375,1601283197331
267.28125,-3.9375,0.71875,1601283197335
267.28125,-3.9375,0.71875,1601283197339
267.28125,-3.9375,0.71875,1601283197349
267.28125,-3.9375,0.71875,1601283197351
267.26562,-3.90625,0.734375,1601283197355
267.26562,-3.90625,0.734375,1601283197368
267.26562,-3.90625,0.734375,1601283197371
267.26562,-3.90625,0.734375,1601283197374
267.25,-3.921875,0.75,1601283197375
267.25,-3.921875,0.75,1601283197380
267.25,-3.921875,0.75,1601283197385
267.25,-3.921875,0.75,1601283197390
267.23438,-4.0,0.765625,1601283197394
267.23438,-4.0,0.765625,1601283197398
267.23438,-4.0,0.765625,1601283197406
267.23438,-4.0,0.765625,1601283197412
267.25,-4.0625,0.765625,1601283197415
267.25,-4.0625,0.765625,1601283197419
267.25,-4.0625,0.765625,1601283197424
267.25,-4.0625,0.765625,1601283197430
267.25,-4.0625,0.75,1601283197434
267.25,-4.0625,0.75,1601283197442
267.25,-4.0625,0.75,1601283197445
267.25,-4.0625,0.75,1601283197453
267.25,-4.03125,0.734375,1601283197456
267.25,-4.03125,0.734375,1601283197464
267.25,-4.03125,0.734375,1601283197466
267.25,-4.03125,0.734375,1601283197470
267.25,-3.96875,0.71875,1601283197478
267.25,-3.96875,0.71875,1601283197484
267.25,-3.96875,0.71875,1601283197486
267.25,-3.96875,0.71875,1601283197492
267.25,-3.890625,0.71875,1601283197496
267.25,-3.890625,0.71875,1601283197505
267.25,-3.890625,0.71875,1601283197507
267.25,-3.890625,0.71875,1601283197509
267.26562,-3.84375,0.71875,1601283197516
267.26562,-3.84375,0.71875,1601283197519
267.26562,-3.84375,0.71875,1601283197524
267.26562,-3.84375,0.71875,1601283197530
267.28125,-3.859375,0.71875,1601283197535
267.28125,-3.859375,0.71875,1601283197540
267.28125,-3.859375,0.71875,1601283197550
267.28125,-3.859375,0.71875,1601283197554
267.28125,-3.90625,0.703125,1601283197559
267.28125,-3.90625,0.703125,1601283197561
267.28125,-3.90625,0.703125,1601283197569
267.28125,-3.90625,0.703125,1601283197572
267.28125,-3.96875,0.703125,1601283197577
267.28125,-3.96875,0.703125,1601283197585
267.28125,-3.96875,0.703125,1601283197586
267.26562,-3.96875,0.703125,1601283197590
267.26562,-3.953125,0.703125,1601283197600
267.26562,-3.953125,0.703125,1601283197602
267.26562,-3.953125,0.703125,1601283197609
267.26562,-3.9375,0.6875,1601283197610
267.28125,-3.90625,0.6875,1601283197619
267.28125,-3.90625,0.6875,1601283197621
267.28125,-3.890625,0.6875,1601283197628
267.28125,-3.890625,0.6875,1601283197630
267.29688,-3.875,0.6875,1601283197634
267.29688,-3.875,0.6875,1601283197640
267.29688,-3.875,0.6875,1601283197645
267.29688,-3.875,0.6875,1601283197649
267.29688,-3.875,0.703125,1601283197654
267.29688,-3.875,0.703125,1601283197661
267.29688,-3.875,0.703125,1601283197666
267.29688,-3.875,0.703125,1601283197670
267.29688,-3.875,0.703125,1601283197678
267.29688,-3.875,0.703125,1601283197680
267.29688,-3.875,0.703125,1601283197685
267.29688,-3.875,0.703125,1601283197689
267.29688,-3.890625,0.703125,1601283197697
267.29688,-3.890625,0.703125,1601283197700
267.29688,-3.890625,0.703125,1601283197707
267.29688,-3.890625,0.71875,1601283197710
267.29688,-3.890625,0.734375,1601283197720
267.29688,-3.890625,0.734375,1601283197722
267.29688,-3.890625,0.734375,1601283197729
267.29688,-3.890625,0.75,1601283197732
267.3125,-3.875,0.765625,1601283197736
267.3125,-3.875,0.765625,1601283197740
267.3125,-3.875,0.765625,1601283197749
267.3125,-3.84375,0.765625,1601283197750
267.3125,-3.796875,0.765625,1601283197755
267.3125,-3.796875,0.765625,1601283197762
267.3125,-3.796875,0.765625,1601283197766
267.32812,-3.75,0.75,1601283197771
267.34375,-3.703125,0.75,1601283197780
267.34375,-3.703125,0.75,1601283197783
267.34375,-3.703125,0.75,1601283197787
267.34375,-3.671875,0.75,1601283197790
267.34375,-3.65625,0.75,1601283197796
267.34375,-3.65625,0.75,1601283197800
267.34375,-3.65625,0.75,1601283197806
267.32812,-3.671875,0.765625,1601283197812
267.34375,-3.6875,0.765625,1601283197815
267.34375,-3.6875,0.765625,1601283197822
267.34375,-3.6875,0.765625,1601283197829
267.34375,-3.71875,0.78125,1601283197830
267.34375,-3.734375,0.796875,1601283197840
267.34375,-3.734375,0.796875,1601283197842
267.34375,-3.734375,0.796875,1601283197846
267.35938,-3.734375,0.8125,1601283197854
267.35938,-3.71875,0.8125,1601283197856
267.35938,-3.71875,0.8125,1601283197862
267.35938,-3.71875,0.8125,1601283197867
267.35938,-3.703125,0.8125,1601283197870
267.34375,-3.6875,0.796875,1601283197877
267.34375,-3.6875,0.796875,1601283197881
267.34375,-3.6875,0.796875,1601283197889
267.32812,-3.6875,0.796875,1601283197892
267.32812,-3.6875,0.78125,1601283197902
267.32812,-3.6875,0.78125,1601283197904
267.32812,-3.6875,0.78125,1601283197906
267.32812,-3.71875,0.78125,1601283197913
267.32812,-3.765625,0.796875,1601283197915
267.32812,-3.765625,0.796875,1601283197921
267.32812,-3.765625,0.796875,1601283197926
267.34375,-3.8125,0.8125,1601283197932
267.34375,-3.875,0.84375,1601283197937
267.34375,-3.875,0.84375,1601283197941
267.34375,-3.875,0.84375,1601283197946
267.34375,-3.90625,0.859375,1601283197951
267.34375,-3.9375,0.875,1601283197957
267.34375,-3.9375,0.875,1601283197962
267.34375,-3.9375,0.875,1601283197966
267.35938,-3.9375,0.875,1601283197971
267.35938,-3.953125,0.890625,1601283197978
267.35938,-3.953125,0.890625,1601283197981
267.35938,-3.953125,0.890625,1601283197985
267.375,-3.953125,0.90625,1601283197995
267.39062,-3.953125,0.90625,1601283197998
267.39062,-3.953125,0.90625,1601283198003
267.39062,-3.953125,0.90625,1601283198011
267.39062,-3.953125,0.90625,1601283198014
267.42188,-3.953125,0.921875,1601283198017
267.42188,-3.953125,0.921875,1601283198022
267.42188,-3.953125,0.921875,1601283198034
267.42188,-3.96875,0.921875,1601283198037
267.42188,-3.96875,0.921875,1601283198042
267.42188,-3.96875,0.921875,1601283198045
267.42188,-3.96875,0.921875,1601283198046
267.40625,-4.0,0.921875,1601283198058
267.40625,-4.0,0.9375,1601283198063
267.40625,-4.0,0.9375,1601283198064
267.40625,-4.0,0.9375,1601283198066
267.40625,-4.015625,0.953125,1601283198072
267.39062,-4.0,0.96875,1601283198084
267.39062,-4.0,0.96875,1601283198086
267.39062,-4.0,0.96875,1601283198090
267.39062,-4.0,0.96875,1601283198092
267.39062,-3.96875,1.0,1601283198096
267.39062,-3.96875,1.0,1601283198103
267.39062,-3.96875,1.0,1601283198110
267.39062,-3.96875,1.0,1601283198113
267.39062,-3.9375,1.015625,1601283198116
267.39062,-3.9375,1.015625,1601283198121
267.39062,-3.9375,1.015625,1601283198126
267.39062,-3.9375,1.015625,1601283198131
267.375,-3.921875,1.046875,1601283198136
267.375,-3.921875,1.046875,1601283198144
267.375,-3.921875,1.046875,1601283198147
267.375,-3.921875,1.046875,1601283198151
267.34375,-3.96875,1.046875,1601283198161
267.34375,-3.96875,1.046875,1601283198163
267.34375,-3.96875,1.046875,1601283198167
267.34375,-3.96875,1.046875,1601283198175
267.29688,-4.015625,1.046875,1601283198178
267.29688,-4.015625,1.046875,1601283198187
267.29688,-4.015625,1.046875,1601283198189
267.29688,-4.015625,1.046875,1601283198192
267.26562,-4.046875,1.0625,1601283198198
267.26562,-4.046875,1.0625,1601283198201
267.26562,-4.046875,1.0625,1601283198207
267.26562,-4.046875,1.0625,1601283198210
267.25,-4.03125,1.0625,1601283198215
267.25,-4.03125,1.0625,1601283198220
267.25,-4.03125,1.0625,1601283198228
267.25,-4.03125,1.0625,1601283198232
267.25,-3.96875,1.0625,1601283198235
267.25,-3.96875,1.0625,1601283198241
267.25,-3.96875,1.0625,1601283198247
267.25,-3.96875,1.0625,1601283198252
267.25,-3.921875,1.046875,1601283198263
267.25,-3.921875,1.046875,1601283198267
267.25,-3.921875,1.046875,1601283198269
267.26562,-3.890625,1.03125,1601283198276
267.26562,-3.890625,1.03125,1601283198278
267.26562,-3.890625,1.03125,1601283198282
267.26562,-3.890625,1.03125,1601283198287
267.26562,-3.890625,1.03125,1601283198294
267.26562,-3.890625,1.03125,1601283198297
267.26562,-3.890625,1.03125,1601283198303
267.26562,-3.890625,1.03125,1601283198309
267.26562,-3.890625,1.03125,1601283198314
267.25,-3.921875,1.03125,1601283198319
267.25,-3.921875,1.03125,1601283198324
267.25,-3.921875,1.03125,1601283198328
267.25,-3.921875,1.03125,1601283198333
267.23438,-3.921875,1.03125,1601283198339
267.23438,-3.921875,1.03125,1601283198346
267.23438,-3.921875,1.03125,1601283198348
267.23438,-3.921875,1.03125,1601283198353
267.23438,-3.875,1.015625,1601283198361
267.23438,-3.875,1.015625,1601283198363
267.23438,-3.875,1.015625,1601283198369
267.23438,-3.875,1.015625,1601283198375
267.25,-3.828125,1.015625,1601283198377
267.25,-3.828125,1.015625,1601283198383
267.25,-3.828125,1.015625,1601283198388
267.25,-3.828125,1.015625,1601283198395
267.25,-3.828125,1.03125,1601283198398
267.25,-3.828125,1.03125,1601283198404
267.25,-3.828125,1.03125,1601283198413
267.26562,-3.875,1.0625,1601283198418
267.26562,-3.875,1.0625,1601283198420
267.26562,-3.875,1.0625,1601283198424
267.26562,-3.875,1.0625,1601283198435
267.26562,-3.90625,1.09375,1601283198439
267.26562,-3.90625,1.09375,1601283198441
267.26562,-3.90625,1.09375,1601283198443
267.26562,-3.90625,1.09375,1601283198452
267.26562,-3.90625,1.09375,1601283198454
267.25,-3.953125,1.140625,1601283198460
267.25,-3.953125,1.140625,1601283198461
267.25,-3.953125,1.140625,1601283198468
267.25,-3.953125,1.140625,1601283198477
267.26562,-3.96875,1.15625,1601283198480
267.26562,-3.96875,1.15625,1601283198482
267.26562,-3.96875,1.15625,1601283198491
267.28125,-3.96875,1.15625,1601283198493
267.29688,-3.96875,1.15625,1601283198498
267.29688,-3.96875,1.15625,1601283198502
267.29688,-3.96875,1.15625,1601283198511
267.29688,-3.984375,1.15625,1601283198516
267.3125,-4.0,1.15625,1601283198519
267.3125,-4.0,1.15625,1601283198524
267.32812,-4.015625,1.15625,1601283198527
267.32812,-4.015625,1.15625,1601283198532
267.32812,-4.03125,1.15625,1601283198542
267.32812,-4.03125,1.15625,1601283198544
267.32812,-4.03125,1.15625,1601283198548
267.34375,-4.03125,1.171875,1601283198552
267.35938,-4.046875,1.171875,1601283198558
267.35938,-4.046875,1.171875,1601283198568
267.35938,-4.046875,1.171875,1601283198570
267.375,-4.046875,1.171875,1601283198579
267.39062,-4.03125,1.15625,1601283198582
267.39062,-4.03125,1.15625,1601283198584
267.39062,-4.03125,1.15625,1601283198590
267.42188,-4.0,1.15625,1601283198593
267.42188,-4.0,1.15625,1601283198597
267.42188,-4.0,1.15625,1601283198602
267.42188,-4.0,1.15625,1601283198610
267.45312,-3.96875,1.171875,1601283198612
267.48438,-3.921875,1.171875,1601283198617
267.48438,-3.921875,1.171875,1601283198623
267.48438,-3.921875,1.171875,1601283198628
267.54688,-3.828125,1.171875,1601283198633
267.54688,-3.828125,1.171875,1601283198643
267.54688,-3.828125,1.171875,1601283198647
267.54688,-3.828125,1.171875,1601283198649
267.54688,-3.796875,1.171875,1601283198653
267.54688,-3.796875,1.171875,1601283198660
267.54688,-3.796875,1.171875,1601283198662
267.54688,-3.796875,1.171875,1601283198669
267.54688,-3.859375,1.171875,1601283198675
267.54688,-3.859375,1.171875,1601283198686
267.54688,-3.859375,1.171875,1601283198689
267.54688,-3.859375,1.171875,1601283198693
267.53125,-3.90625,1.171875,1601283198696
267.53125,-3.90625,1.171875,1601283198697
267.53125,-3.90625,1.171875,1601283198705
267.53125,-3.90625,1.171875,1601283198717
267.5,-3.90625,1.171875,1601283198723
267.5,-3.90625,1.171875,1601283198725
267.5,-3.90625,1.171875,1601283198728
267.5,-3.90625,1.171875,1601283198731
267.48438,-3.875,1.15625,1601283198734
267.48438,-3.875,1.15625,1601283198740
267.48438,-3.875,1.15625,1601283198742
267.48438,-3.875,1.15625,1601283198749
267.46875,-3.828125,1.15625,1601283198755
267.46875,-3.828125,1.15625,1601283198760
267.46875,-3.828125,1.15625,1601283198763
267.46875,-3.828125,1.15625,1601283198770
267.45312,-3.828125,1.15625,1601283198777
267.45312,-3.828125,1.15625,1601283198778
267.45312,-3.828125,1.15625,1601283198783
267.45312,-3.828125,1.15625,1601283198787
267.4375,-3.828125,1.15625,1601283198792
267.4375,-3.828125,1.15625,1601283198798
267.4375,-3.828125,1.15625,1601283198808
267.4375,-3.828125,1.15625,1601283198809
267.40625,-3.859375,1.140625,1601283198812
267.40625,-3.859375,1.140625,1601283198817
267.40625,-3.859375,1.140625,1601283198825
267.40625,-3.859375,1.140625,1601283198828
267.375,-3.90625,1.140625,1601283198835
267.375,-3.90625,1.140625,1601283198839
267.375,-3.90625,1.140625,1601283198848
267.375,-3.90625,1.140625,1601283198851
267.375,-3.953125,1.15625,1601283198854
267.375,-3.953125,1.15625,1601283198861
267.375,-3.953125,1.15625,1601283198863
267.375,-3.953125,1.15625,1601283198871
267.375,-3.96875,1.171875,1601283198874
267.375,-3.96875,1.171875,1601283198878
267.375,-3.96875,1.171875,1601283198883
267.375,-3.96875,1.171875,1601283198890
267.39062,-3.96875,1.1875,1601283198893
267.39062,-3.96875,1.1875,1601283198899
267.39062,-3.96875,1.1875,1601283198909
267.39062,-3.96875,1.1875,1601283198913
267.40625,-3.953125,1.203125,1601283198915
267.40625,-3.953125,1.203125,1601283198918
267.40625,-3.953125,1.203125,1601283198924
267.40625,-3.953125,1.203125,1601283198929
267.40625,-3.953125,1.21875,1601283198933
267.40625,-3.953125,1.21875,1601283198939
267.40625,-3.953125,1.21875,1601283198944
267.40625,-3.953125,1.21875,1601283198948
267.40625,-3.984375,1.21875,1601283198959
267.40625,-3.984375,1.21875,1601283198961
267.40625,-3.984375,1.21875,1601283198964
267.40625,-3.984375,1.21875,1601283198969
267.40625,-4.03125,1.25,1601283198978
267.40625,-4.03125,1.25,1601283198980
267.40625,-4.03125,1.25,1601283198986
267.40625,-4.03125,1.25,1601283198996
267.40625,-4.046875,1.28125,1601283198999
267.40625,-4.046875,1.28125,1601283199004
267.40625,-4.046875,1.28125,1601283199006
267.40625,-4.046875,1.28125,1601283199009
267.42188,-3.984375,1.296875,1601283199023
267.42188,-3.984375,1.296875,1601283199025
267.42188,-3.984375,1.296875,1601283199028
267.42188,-3.984375,1.296875,1601283199036
267.40625,-3.890625,1.296875,1601283199040
267.40625,-3.890625,1.296875,1601283199042
267.40625,-3.890625,1.296875,1601283199044
267.40625,-3.890625,1.296875,1601283199055
267.39062,-3.828125,1.296875,1601283199057
267.39062,-3.828125,1.296875,1601283199059
267.39062,-3.828125,1.296875,1601283199065
267.39062,-3.828125,1.296875,1601283199076
267.375,-3.828125,1.296875,1601283199079
267.375,-3.828125,1.296875,1601283199081
267.375,-3.828125,1.296875,1601283199084
267.375,-3.828125,1.296875,1601283199091
267.35938,-3.828125,1.296875,1601283199094
267.35938,-3.828125,1.296875,1601283199099
267.35938,-3.828125,1.296875,1601283199105
267.35938,-3.828125,1.296875,1601283199108
267.34375,-3.828125,1.296875,1601283199113
267.34375,-3.828125,1.296875,1601283199121
267.34375,-3.828125,1.296875,1601283199126
267.34375,-3.828125,1.296875,1601283199130
267.32812,-3.8125,1.296875,1601283199135
267.32812,-3.8125,1.296875,1601283199145
267.32812,-3.8125,1.296875,1601283199146
267.32812,-3.8125,1.296875,1601283199148
267.32812,-3.796875,1.296875,1601283199155
267.32812,-3.796875,1.296875,1601283199159
267.32812,-3.796875,1.296875,1601283199169
267.32812,-3.796875,1.296875,1601283199171
267.32812,-3.765625,1.296875,1601283199175
267.32812,-3.765625,1.296875,1601283199184
267.32812,-3.765625,1.296875,1601283199187
267.32812,-3.765625,1.296875,1601283199190
267.32812,-3.765625,1.296875,1601283199202
267.32812,-3.765625,1.296875,1601283199205
267.32812,-3.765625,1.296875,1601283199205
267.32812,-3.765625,1.296875,1601283199210
267.34375,-3.78125,1.3125,1601283199221
267.34375,-3.78125,1.3125,1601283199223
267.34375,-3.78125,1.3125,1601283199226
267.34375,-3.78125,1.3125,1601283199230
267.35938,-3.796875,1.34375,1601283199235
267.35938,-3.796875,1.34375,1601283199240
267.35938,-3.796875,1.34375,1601283199246
267.35938,-3.796875,1.34375,1601283199250
267.39062,-3.796875,1.34375,1601283199255
267.39062,-3.796875,1.34375,1601283199264
267.39062,-3.796875,1.34375,1601283199265
267.39062,-3.796875,1.34375,1601283199271
267.40625,-3.796875,1.34375,1601283199273
267.40625,-3.796875,1.34375,1601283199280
267.40625,-3.796875,1.34375,1601283199291
267.40625,-3.796875,1.34375,1601283199293
267.42188,-3.78125,1.375,1601283199295
267.42188,-3.78125,1.375,1601283199300
267.42188,-3.78125,1.375,1601283199306
267.42188,-3.78125,1.375,1601283199311
267.4375,-3.78125,1.40625,1601283199315
267.4375,-3.78125,1.40625,1601283199320
267.4375,-3.78125,1.40625,1601283199324
267.4375,-3.78125,1.40625,1601283199330
267.46875,-3.78125,1.453125,1601283199334
267.46875,-3.78125,1.453125,1601283199341
267.46875,-3.78125,1.453125,1601283199345
267.46875,-3.78125,1.46875,1601283199351
267.46875,-3.765625,1.484375,1601283199361
267.46875,-3.765625,1.484375,1601283199365
267.46875,-3.765625,1.484375,1601283199370
267.46875,-3.765625,1.484375,1601283199372
267.46875,-3.75,1.484375,1601283199375
267.46875,-3.75,1.484375,1601283199384
267.46875,-3.75,1.484375,1601283199386
267.46875,-3.734375,1.46875,1601283199391
267.45312,-3.734375,1.46875,1601283199396
267.45312,-3.734375,1.46875,1601283199405
267.45312,-3.734375,1.46875,1601283199408
267.45312,-3.703125,1.46875,1601283199411
267.45312,-3.6875,1.46875,1601283199417
267.45312,-3.6875,1.46875,1601283199428
267.45312,-3.6875,1.46875,1601283199432
267.45312,-3.65625,1.46875,1601283199435
267.45312,-3.625,1.484375,1601283199438
267.45312,-3.625,1.484375,1601283199440
267.45312,-3.625,1.484375,1601283199450
267.45312,-3.609375,1.484375,1601283199453
267.45312,-3.609375,1.484375,1601283199456
267.45312,-3.609375,1.484375,1601283199460
267.45312,-3.609375,1.484375,1601283199464
267.45312,-3.625,1.5,1601283199470
267.4375,-3.65625,1.5,1601283199474
267.45312,-3.703125,1.5,1601283199480
267.45312,-3.703125,1.5,1601283199490
267.45312,-3.703125,1.5,1601283199492
267.45312,-3.703125,1.5,1601283199495
267.45312,-3.703125,1.484375,1601283199505
267.45312,-3.703125,1.484375,1601283199507
267.45312,-3.703125,1.484375,1601283199511
267.45312,-3.703125,1.484375,1601283199517
267.46875,-3.6875,1.484375,1601283199525
267.46875,-3.6875,1.484375,1601283199526
267.46875,-3.6875,1.484375,1601283199529
267.46875,-3.671875,1.484375,1601283199537
267.48438,-3.65625,1.484375,1601283199540
267.48438,-3.65625,1.484375,1601283199545
267.48438,-3.65625,1.484375,1601283199556
267.48438,-3.640625,1.46875,1601283199560
267.48438,-3.625,1.46875,1601283199562
267.48438,-3.625,1.46875,1601283199565
267.48438,-3.625,1.46875,1601283199576
267.5,-3.625,1.46875,1601283199579
267.5,-3.625,1.46875,1601283199581
267.51562,-3.625,1.46875,1601283199590
267.51562,-3.625,1.46875,1601283199594
267.51562,-3.625,1.46875,1601283199597
267.51562,-3.625,1.46875,1601283199603
267.53125,-3.625,1.46875,1601283199604
267.53125,-3.625,1.46875,1601283199611
267.51562,-3.640625,1.46875,1601283199615
267.51562,-3.640625,1.46875,1601283199622
267.51562,-3.65625,1.46875,1601283199625
267.51562,-3.65625,1.46875,1601283199631
267.5,-3.6875,1.484375,1601283199638
267.5,-3.6875,1.484375,1601283199642
267.5,-3.703125,1.5,1601283199646
267.5,-3.703125,1.5,1601283199655
267.48438,-3.703125,1.515625,1601283199657
267.48438,-3.703125,1.515625,1601283199660
267.5,-3.703125,1.53125,1601283199668
267.5,-3.703125,1.53125,1601283199673
267.5,-3.6875,1.546875,1601283199675
267.5,-3.6875,1.546875,1601283199681
267.5,-3.671875,1.5625,1601283199690
267.5,-3.671875,1.5625,1601283199691
267.5,-3.65625,1.578125,1601283199696
267.5,-3.65625,1.578125,1601283199703
267.5,-3.625,1.59375,1601283199705
267.5,-3.625,1.59375,1601283199711
267.5,-3.609375,1.59375,1601283199720
267.5,-3.609375,1.59375,1601283199721
267.5,-3.59375,1.609375,1601283199725
267.5,-3.59375,1.609375,1601283199732
267.5,-3.578125,1.609375,1601283199736
267.5,-3.578125,1.609375,1601283199745
267.5,-3.5625,1.609375,1601283199750
267.5,-3.5625,1.609375,1601283199754
267.51562,-3.5625,1.625,1601283199756
267.51562,-3.5625,1.625,1601283199765
267.51562,-3.5625,1.625,1601283199767
267.51562,-3.5625,1.625,1601283199771
267.51562,-3.578125,1.640625,1601283199775
267.51562,-3.578125,1.640625,1601283199782
267.53125,-3.5625,1.640625,1601283199790
267.53125,-3.5625,1.640625,1601283199792
267.53125,-3.546875,1.625,1601283199795
267.53125,-3.546875,1.625,1601283199802
267.53125,-3.53125,1.625,1601283199806
267.53125,-3.53125,1.625,1601283199811
267.54688,-3.5,1.625,1601283199824
267.54688,-3.5,1.625,1601283199826
267.54688,-3.46875,1.625,1601283199829
267.54688,-3.4375,1.625,1601283199836
267.54688,-3.4375,1.625,1601283199839
267.54688,-3.4375,1.625,1601283199841
267.54688,-3.421875,1.609375,1601283199850
267.54688,-3.421875,1.609375,1601283199853
267.54688,-3.40625,1.59375,1601283199857
267.54688,-3.40625,1.59375,1601283199866
267.5625,-3.40625,1.578125,1601283199868
267.5625,-3.40625,1.578125,1601283199878
267.54688,-3.390625,1.578125,1601283199879
267.54688,-3.390625,1.578125,1601283199883
267.54688,-3.390625,1.5625,1601283199887
267.54688,-3.390625,1.5625,1601283199892
267.54688,-3.390625,1.5625,1601283199895
267.54688,-3.390625,1.5625,1601283199901
267.53125,-3.375,1.5625,1601283199906
267.53125,-3.375,1.5625,1601283199910
267.53125,-3.359375,1.546875,1601283199919
267.53125,-3.359375,1.546875,1601283199921
267.53125,-3.34375,1.546875,1601283199926
267.53125,-3.34375,1.546875,1601283199935
267.51562,-3.328125,1.53125,1601283199937
267.51562,-3.328125,1.53125,1601283199942
267.51562,-3.328125,1.53125,1601283199946
267.51562,-3.3125,1.53125,1601283199954
267.51562,-3.265625,1.515625,1601283199957
267.51562,-3.265625,1.515625,1601283199961
267.51562,-3.234375,1.5,1601283199967
267.51562,-3.234375,1.5,1601283199973
267.51562,-3.203125,1.484375,1601283199977
267.51562,-3.203125,1.484375,1601283199985
267.5,-3.171875,1.46875,1601283199987
267.5,-3.171875,1.46875,1601283199992
267.5,-3.15625,1.46875,1601283199998
267.5,-3.15625,1.46875,1601283200007
267.48438,-3.15625,1.46875,1601283200009
267.48438,-3.15625,1.46875,1601283200011
267.46875,-3.171875,1.46875,1601283200020
267.46875,-3.171875,1.46875,1601283200022
267.46875,-3.171875,1.46875,1601283200027
267.46875,-3.21875,1.484375,1601283200035
267.46875,-3.21875,1.484375,1601283200037
267.46875,-3.21875,1.484375,1601283200041
267.46875,-3.21875,1.484375,1601283200050
267.46875,-3.21875,1.46875,1601283200053
267.46875,-3.21875,1.46875,1601283200056
267.46875,-3.21875,1.46875,1601283200062
267.46875,-3.21875,1.46875,1601283200071
267.48438,-3.203125,1.46875,1601283200074
267.48438,-3.1875,1.46875,1601283200078
267.48438,-3.1875,1.46875,1601283200089
267.48438,-3.1875,1.46875,1601283200091
267.48438,-3.171875,1.46875,1601283200093
267.48438,-3.15625,1.453125,1601283200100
267.48438,-3.15625,1.453125,1601283200103
267.48438,-3.15625,1.453125,1601283200112
267.48438,-3.15625,1.4375,1601283200114
267.48438,-3.15625,1.4375,1601283200117
267.48438,-3.15625,1.4375,1601283200121
267.48438,-3.15625,1.4375,1601283200127
267.48438,-3.171875,1.421875,1601283200137
267.5,-3.171875,1.4375,1601283200138
267.5,-3.171875,1.4375,1601283200142
267.5,-3.171875,1.4375,1601283200148
267.51562,-3.203125,1.4375,1601283200159
267.51562,-3.203125,1.4375,1601283200163
267.51562,-3.203125,1.4375,1601283200167
267.51562,-3.203125,1.4375,1601283200168
267.51562,-3.203125,1.421875,1601283200173
267.51562,-3.203125,1.421875,1601283200182
267.51562,-3.203125,1.421875,1601283200187
267.51562,-3.203125,1.421875,1601283200188
267.51562,-3.171875,1.40625,1601283200193
267.51562,-3.171875,1.40625,1601283200203
267.51562,-3.171875,1.40625,1601283200205
267.51562,-3.171875,1.40625,1601283200208
267.5625,-3.09375,1.421875,1601283200213
267.5625,-3.09375,1.421875,1601283200226
267.5625,-3.09375,1.421875,1601283200228
267.5625,-3.09375,1.421875,1601283200231
267.57812,-3.0,1.40625,1601283200235
267.57812,-3.0,1.40625,1601283200243
267.57812,-3.0,1.40625,1601283200245
267.57812,-3.0,1.40625,1601283200248
267.57812,-2.984375,1.40625,1601283200256
267.57812,-2.984375,1.40625,1601283200260
267.57812,-2.984375,1.40625,1601283200264
267.57812,-2.984375,1.40625,1601283200274
267.54688,-3.0,1.40625,1601283200276
267.54688,-3.0,1.40625,1601283200277
267.54688,-3.0,1.40625,1601283200282
267.54688,-3.0,1.40625,1601283200287
267.54688,-3.015625,1.40625,1601283200293
267.54688,-3.015625,1.40625,1601283200299
267.54688,-3.015625,1.40625,1601283200303
267.54688,-3.015625,1.40625,1601283200309
267.54688,-2.984375,1.390625,1601283200314
267.54688,-2.984375,1.390625,1601283200321
267.54688,-2.984375,1.390625,1601283200325
267.54688,-2.984375,1.390625,1601283200331
267.5625,-2.921875,1.375,1601283200334
267.5625,-2.921875,1.375,1601283200342
267.5625,-2.921875,1.375,1601283200345
267.5625,-2.921875,1.375,1601283200353
267.5625,-2.875,1.359375,1601283200355
267.5625,-2.875,1.359375,1601283200357
267.5625,-2.875,1.359375,1601283200365
267.5625,-2.875,1.359375,1601283200367
267.5625,-2.875,1.359375,1601283200373
267.5625,-2.875,1.359375,1601283200377
267.5625,-2.875,1.359375,1601283200384
267.5625,-2.875,1.359375,1601283200389
267.5625,-2.875,1.359375,1601283200393
267.5625,-2.875,1.359375,1601283200399
267.5625,-2.875,1.359375,1601283200402
267.5625,-2.875,1.359375,1601283200408
267.5625,-2.90625,1.359375,1601283200417
267.5625,-2.90625,1.359375,1601283200419
267.5625,-2.90625,1.359375,1601283200421
267.5625,-2.90625,1.359375,1601283200426
267.54688,-2.9375,1.34375,1601283200433
267.54688,-2.9375,1.34375,1601283200438
267.54688,-2.9375,1.34375,1601283200443
267.54688,-2.9375,1.34375,1601283200449
267.53125,-2.90625,1.328125,1601283200454
267.53125,-2.90625,1.328125,1601283200458
267.53125,-2.90625,1.328125,1601283200465
267.53125,-2.90625,1.328125,1601283200468
267.53125,-2.875,1.3125,1601283200474
267.53125,-2.875,1.3125,1601283200483
267.53125,-2.875,1.3125,1601283200485
267.53125,-2.875,1.3125,1601283200487
267.53125,-2.875,1.3125,1601283200498
267.53125,-2.875,1.3125,1601283200500
267.53125,-2.875,1.3125,1601283200503
267.53125,-2.875,1.3125,1601283200508
267.53125,-2.921875,1.3125,1601283200516
267.53125,-2.921875,1.3125,1601283200518
267.53125,-2.921875,1.3125,1601283200524
267.53125,-2.984375,1.296875,1601283200533
267.53125,-2.984375,1.296875,1601283200536
267.53125,-3.0,1.28125,1601283200538
267.53125,-3.0,1.28125,1601283200542
267.53125,-3.015625,1.28125,1601283200548
267.53125,-3.015625,1.28125,1601283200553
267.53125,-3.015625,1.265625,1601283200558
267.53125,-3.015625,1.265625,1601283200565
267.51562,-3.015625,1.265625,1601283200567
267.51562,-3.015625,1.265625,1601283200572
267.51562,-3.0,1.25,1601283200583
267.51562,-3.0,1.25,1601283200586
267.51562,-2.984375,1.25,1601283200588
267.51562,-2.984375,1.25,1601283200596
267.53125,-2.984375,1.25,1601283200604
267.53125,-2.984375,1.25,1601283200606
267.53125,-2.96875,1.25,1601283200608
267.53125,-2.96875,1.25,1601283200615
267.53125,-2.96875,1.25,1601283200617
267.53125,-2.96875,1.25,1601283200624
267.54688,-2.953125,1.25,1601283200632
267.54688,-2.953125,1.25,1601283200635
267.54688,-2.953125,1.25,1601283200638
267.54688,-2.953125,1.25,1601283200643
267.54688,-2.9375,1.25,1601283200650
267.54688,-2.9375,1.25,1601283200655
267.53125,-2.921875,1.25,1601283200658
267.53125,-2.921875,1.25,1601283200666
267.53125,-2.890625,1.234375,1601283200668
267.53125,-2.890625,1.234375,1601283200674
267.51562,-2.875,1.234375,1601283200680
267.51562,-2.875,1.234375,1601283200683
267.5,-2.859375,1.21875,1601283200688
267.5,-2.859375,1.21875,1601283200694
267.5,-2.84375,1.21875,1601283200699
267.5,-2.84375,1.21875,1601283200704
267.48438,-2.828125,1.203125,1601283200709
267.48438,-2.828125,1.203125,1601283200719
267.48438,-2.8125,1.21875,1601283200721
267.48438,-2.8125,1.21875,1601283200724
267.5,-2.8125,1.21875,1601283200730
267.5,-2.8125,1.21875,1601283200732
267.5,-2.796875,1.21875,1601283200738
267.5,-2.796875,1.21875,1601283200748
267.51562,-2.796875,1.234375,1601283200750
267.51562,-2.796875,1.234375,1601283200754
267.53125,-2.78125,1.234375,1601283200759
267.53125,-2.78125,1.234375,1601283200770
267.53125,-2.78125,1.234375,1601283200775
267.53125,-2.78125,1.234375,1601283200780
267.54688,-2.75,1.234375,1601283200782
267.54688,-2.75,1.234375,1601283200786
267.54688,-2.734375,1.234375,1601283200795
267.54688,-2.734375,1.234375,1601283200799
267.5625,-2.71875,1.234375,1601283200804
267.5625,-2.71875,1.234375,1601283200806
267.54688,-2.6875,1.234375,1601283200810
267.54688,-2.6875,1.234375,1601283200819
267.54688,-2.671875,1.234375,1601283200821
267.54688,-2.671875,1.234375,1601283200823
267.5625,-2.65625,1.234375,1601283200830
267.5625,-2.65625,1.234375,1601283200832
267.5625,-2.65625,1.234375,1601283200839
267.5625,-2.65625,1.234375,1601283200846
267.5625,-2.65625,1.234375,1601283200848
267.5625,-2.640625,1.25,1601283200853
267.5625,-2.640625,1.25,1601283200859
267.5625,-2.640625,1.25,1601283200867
267.5625,-2.640625,1.25,1601283200869
267.57812,-2.640625,1.25,1601283200874
267.57812,-2.640625,1.25,1601283200881
267.57812,-2.640625,1.25,1601283200884
267.59375,-2.625,1.25,1601283200889
267.59375,-2.625,1.25,1601283200898
267.59375,-2.609375,1.234375,1601283200900
267.59375,-2.609375,1.234375,1601283200906
267.59375,-2.578125,1.234375,1601283200913
267.59375,-2.578125,1.234375,1601283200916
267.57812,-2.546875,1.21875,1601283200923
267.57812,-2.546875,1.21875,1601283200927
267.57812,-2.53125,1.21875,1601283200935
267.57812,-2.53125,1.21875,1601283200937
267.57812,-2.53125,1.21875,1601283200939
267.5625,-2.515625,1.21875,1601283200947
267.5625,-2.515625,1.21875,1601283200949
267.54688,-2.5,1.21875,1601283200955
267.54688,-2.5,1.21875,1601283200962
267.54688,-2.5,1.21875,1601283200965
267.54688,-2.5,1.21875,1601283200969
267.53125,-2.5,1.21875,1601283200974
267.53125,-2.5,1.21875,1601283200985
267.53125,-2.484375,1.21875,1601283200986
267.53125,-2.484375,1.21875,1601283200990
267.51562,-2.484375,1.203125,1601283200994
267.51562,-2.484375,1.203125,1601283200999
267.51562,-2.46875,1.1875,1601283201003
267.51562,-2.46875,1.1875,1601283201011
267.5,-2.453125,1.171875,1601283201014
267.5,-2.453125,1.171875,1601283201019
267.51562,-2.453125,1.171875,1601283201026
267.51562,-2.453125,1.171875,1601283201036
267.51562,-2.4375,1.171875,1601283201040
267.51562,-2.4375,1.171875,1601283201044
267.53125,-2.421875,1.1875,1601283201046
267.53125,-2.421875,1.1875,1601283201057
267.53125,-2.40625,1.1875,1601283201061
267.53125,-2.40625,1.1875,1601283201063
267.53125,-2.375,1.1875,1601283201065
267.53125,-2.375,1.1875,1601283201073
267.51562,-2.359375,1.1875,1601283201077
267.51562,-2.359375,1.1875,1601283201080
267.5,-2.359375,1.1875,1601283201090
267.5,-2.359375,1.1875,1601283201091
267.48438,-2.375,1.1875,1601283201093
267.48438,-2.375,1.1875,1601283201099
267.5,-2.40625,1.1875,1601283201106
267.5,-2.40625,1.1875,1601283201112
267.5,-2.421875,1.1875,1601283201115
267.5,-2.421875,1.1875,1601283201120
267.5,-2.4375,1.1875,1601283201126
267.5,-2.4375,1.1875,1601283201133
267.48438,-2.453125,1.1875,1601283201136
267.48438,-2.453125,1.1875,1601283201146
267.48438,-2.4375,1.171875,1601283201148
267.48438,-2.4375,1.171875,1601283201150
267.48438,-2.421875,1.15625,1601283201163
267.48438,-2.421875,1.15625,1601283201164
267.46875,-2.390625,1.15625,1601283201167
267.46875,-2.390625,1.15625,1601283201171
267.46875,-2.359375,1.15625,1601283201177
267.46875,-2.359375,1.15625,1601283201189
267.46875,-2.34375,1.15625,1601283201191
267.46875,-2.34375,1.15625,1601283201195
267.48438,-2.328125,1.15625,1601283201198
267.48438,-2.328125,1.15625,1601283201201
267.48438,-2.328125,1.15625,1601283201209
267.48438,-2.328125,1.15625,1601283201211
267.5,-2.328125,1.171875,1601283201215
267.5,-2.328125,1.171875,1601283201220
267.5,-2.328125,1.171875,1601283201230
267.5,-2.328125,1.171875,1601283201232
267.5,-2.328125,1.171875,1601283201236
267.5,-2.328125,1.171875,1601283201240
267.48438,-2.328125,1.171875,1601283201247
267.48438,-2.328125,1.171875,1601283201250
267.48438,-2.3125,1.15625,1601283201255
267.48438,-2.3125,1.15625,1601283201259
267.46875,-2.296875,1.15625,1601283201264
267.46875,-2.296875,1.15625,1601283201268
267.48438,-2.25,1.140625,1601283201275
267.48438,-2.25,1.140625,1601283201278
267.5,-2.171875,1.15625,1601283201286
267.5,-2.171875,1.15625,1601283201290
267.53125,-2.0625,1.171875,1601283201301
267.53125,-2.0625,1.171875,1601283201303
267.5625,-1.921875,1.171875,1601283201306
267.5625,-1.921875,1.171875,1601283201316
267.59375,-1.765625,1.171875,1601283201318
267.59375,-1.765625,1.171875,1601283201319
267.64062,-1.625,1.15625,1601283201329
267.64062,-1.625,1.15625,1601283201331
267.65625,-1.5,1.140625,1601283201335
267.65625,-1.5,1.140625,1601283201341
267.67188,-1.421875,1.140625,1601283201344
267.67188,-1.421875,1.140625,1601283201349
267.6875,-1.34375,1.140625,1601283201354
267.6875,-1.34375,1.140625,1601283201361
267.70312,-1.328125,1.140625,1601283201365
267.70312,-1.328125,1.140625,1601283201369
267.70312,-1.3125,1.109375,1601283201382
267.70312,-1.3125,1.109375,1601283201385
267.70312,-1.296875,1.078125,1601283201387
267.70312,-1.296875,1.078125,1601283201395
267.6875,-1.28125,1.046875,1601283201397
267.6875,-1.28125,1.046875,1601283201401
267.6875,-1.28125,1.046875,1601283201405
267.6875,-1.234375,1.015625,1601283201413
267.6875,-1.234375,1.015625,1601283201417
267.67188,-1.1875,1.0,1601283201419
267.67188,-1.1875,1.0,1601283201427
267.65625,-1.09375,0.96875,1601283201432
267.65625,-1.09375,0.96875,1601283201437
267.625,-1.0,0.9375,1601283201440
267.625,-1.0,0.9375,1601283201450
267.60938,-0.90625,0.921875,1601283201452
267.60938,-0.90625,0.921875,1601283201455
267.57812,-0.828125,0.921875,1601283201463
267.57812,-0.828125,0.921875,1601283201467
267.54688,-0.8125,0.96875,1601283201471
267.54688,-0.8125,0.96875,1601283201480
267.53125,-0.859375,1.078125,1601283201483
267.51562,-0.96875,1.25,1601283201485
267.51562,-0.96875,1.25,1601283201496
267.51562,-0.96875,1.25,1601283201498
267.5,-1.203125,1.453125,1601283201501
267.5,-1.203125,1.453125,1601283201506
267.48438,-1.53125,1.640625,1601283201514
267.48438,-1.53125,1.640625,1601283201516
267.45312,-1.96875,1.765625,1601283201521
267.45312,-1.96875,1.765625,1601283201527
267.42188,-2.515625,1.84375,1601283201531
267.42188,-2.515625,1.84375,1601283201537
267.375,-3.125,1.90625,1601283201546
267.375,-3.125,1.90625,1601283201548
267.34375,-3.796875,1.96875,1601283201552
267.34375,-3.796875,1.96875,1601283201556
267.32812,-4.53125,2.046875,1601283201561
267.32812,-4.53125,2.046875,1601283201565
267.34375,-5.3125,2.140625,1601283201570
267.34375,-5.3125,2.140625,1601283201578
267.40625,-6.15625,2.265625,1601283201580
267.40625,-6.15625,2.265625,1601283201585
267.5,-7.078125,2.421875,1601283201593
267.5,-7.078125,2.421875,1601283201596
267.625,-8.09375,2.609375,1601283201600
267.625,-8.09375,2.609375,1601283201610
267.78125,-9.265625,2.8125,1601283201613
267.78125,-9.265625,2.8125,1601283201617
267.9375,-10.609375,2.984375,1601283201621
267.9375,-10.609375,2.984375,1601283201630
268.07812,-12.125,3.125,1601283201632
268.07812,-12.125,3.125,1601283201637
268.21875,-13.796875,3.203125,1601283201646
268.21875,-13.796875,3.203125,1601283201650
268.32812,-15.578125,3.234375,1601283201653
268.32812,-15.578125,3.234375,1601283201661
268.45312,-17.4375,3.25,1601283201663
268.45312,-17.4375,3.25,1601283201666
268.5625,-19.3125,3.234375,1601283201672
268.5625,-19.3125,3.234375,1601283201678
268.70312,-21.15625,3.21875,1601283201681
268.70312,-21.15625,3.21875,1601283201686
268.84375,-22.9375,3.171875,1601283201694
268.84375,-22.9375,3.171875,1601283201697
268.98438,-24.65625,3.109375,1601283201701
268.98438,-24.65625,3.109375,1601283201712
269.10938,-26.3125,3.03125,1601283201718
269.10938,-26.3125,3.03125,1601283201722
269.23438,-27.90625,2.90625,1601283201725
269.23438,-27.90625,2.90625,1601283201727
269.35938,-29.5,2.75,1601283201736
269.35938,-29.5,2.75,1601283201738
269.45312,-31.09375,2.53125,1601283201747
269.45312,-31.09375,2.53125,1601283201748
269.57812,-32.6875,2.28125,1601283201751
269.57812,-32.6875,2.28125,1601283201760
269.70312,-34.28125,2.015625,1601283201762
269.70312,-34.28125,2.015625,1601283201766
269.875,-35.84375,1.75,1601283201771
269.875,-35.84375,1.75,1601283201777
270.0625,-37.375,1.484375,1601283201781
270.0625,-37.375,1.484375,1601283201792
270.28125,-38.859375,1.234375,1601283201797
270.28125,-38.859375,1.234375,1601283201799
270.48438,-40.328125,1.0,1601283201802
270.48438,-40.328125,1.0,1601283201810
270.6875,-41.78125,0.78125,1601283201815
270.6875,-41.78125,0.78125,1601283201817
270.84375,-43.234375,0.546875,1601283201821
270.84375,-43.234375,0.546875,1601283201833
270.98438,-44.671875,0.3125,1601283201834
270.98438,-44.671875,0.3125,1601283201835
271.10938,-46.078125,0.046875,1601283201841
271.10938,-46.078125,0.046875,1601283201846
271.20312,-47.453125,-0.234375,1601283201852
271.20312,-47.453125,-0.234375,1601283201861
271.28125,-48.890625,-0.546875,1601283201863
271.28125,-48.890625,-0.546875,1601283201866
271.375,-50.125,-0.828125,1601283201875
271.375,-50.125,-0.828125,1601283201878
271.45312,-51.28125,-1.09375,1601283201882
271.45312,-51.28125,-1.09375,1601283201889
271.5,-52.375,-1.34375,1601283201892
271.5,-52.375,-1.34375,1601283201901
271.5,-52.375,-1.34375,1601283201903
271.53125,-53.40625,-1.546875,1601283201909
271.53125,-54.375,-1.75,1601283201915
271.53125,-54.375,-1.75,1601283201916
271.5,-55.28125,-1.921875,1601283201922
271.5,-55.28125,-1.921875,1601283201928
271.4375,-56.171875,-2.0625,1601283201931
271.4375,-56.171875,-2.0625,1601283201938
271.4375,-56.171875,-2.0625,1601283201946
271.35938,-57.0,-2.1875,1601283201950
271.25,-57.796875,-2.28125,1601283201956
271.25,-57.796875,-2.28125,1601283201958
271.25,-57.796875,-2.28125,1601283201966
271.125,-58.546875,-2.328125,1601283201968
271.0,-59.25,-2.328125,1601283201977
271.0,-59.25,-2.328125,1601283201980
271.0,-59.25,-2.328125,1601283201983
270.85938,-59.890625,-2.3125,1601283201987
270.70312,-60.515625,-2.265625,1601283201993
270.70312,-60.515625,-2.265625,1601283201997
270.70312,-60.515625,-2.265625,1601283202003
270.53125,-61.078125,-2.1875,1601283202008
270.34375,-61.59375,-2.109375,1601283202012
270.34375,-61.59375,-2.109375,1601283202016
270.34375,-61.59375,-2.109375,1601283202023
270.14062,-62.0625,-2.046875,1601283202027
269.9375,-62.484375,-2.015625,1601283202031
269.9375,-62.484375,-2.015625,1601283202036
269.9375,-62.484375,-2.015625,1601283202043
269.73438,-62.890625,-2.0,1601283202047
269.5625,-63.28125,-2.0,1601283202053
269.5625,-63.28125,-2.0,1601283202064
269.5625,-63.28125,-2.0,1601283202067
269.40625,-63.6875,-2.015625,1601283202069
269.28125,-64.09375,-2.03125,1601283202072
269.28125,-64.09375,-2.03125,1601283202082
269.28125,-64.09375,-2.03125,1601283202084
269.1875,-64.484375,-2.015625,1601283202091
269.10938,-64.84375,-1.984375,1601283202095
269.10938,-64.84375,-1.984375,1601283202098
269.10938,-64.84375,-1.984375,1601283202102
269.03125,-65.1875,-1.921875,1601283202110
268.96875,-65.484375,-1.828125,1601283202114
268.96875,-65.484375,-1.828125,1601283202117
268.96875,-65.484375,-1.828125,1601283202125
268.89062,-65.703125,-1.734375,1601283202128
268.8125,-65.875,-1.65625,1601283202131
268.8125,-65.875,-1.65625,1601283202138
268.8125,-65.875,-1.65625,1601283202144
268.71875,-65.96875,-1.609375,1601283202148
268.625,-66.015625,-1.578125,1601283202151
268.625,-66.015625,-1.578125,1601283202157
268.625,-66.015625,-1.578125,1601283202164
268.51562,-66.0,-1.59375,1601283202169
268.42188,-65.96875,-1.59375,1601283202178
268.42188,-65.96875,-1.59375,1601283202179
268.42188,-65.96875,-1.59375,1601283202184
268.32812,-65.953125,-1.609375,1601283202190
268.25,-65.96875,-1.59375,1601283202194
268.25,-65.96875,-1.59375,1601283202198
268.25,-65.96875,-1.59375,1601283202204
268.1875,-66.015625,-1.546875,1601283202214
268.15625,-66.09375,-1.5,1601283202216
268.15625,-66.09375,-1.5,1601283202218
268.15625,-66.09375,-1.5,1601283202224
268.15625,-66.1875,-1.453125,1601283202229
268.17188,-66.28125,-1.40625,1601283202233
268.17188,-66.28125,-1.40625,1601283202241
268.17188,-66.28125,-1.40625,1601283202243
268.20312,-66.375,-1.375,1601283202249
268.25,-66.453125,-1.359375,1601283202258
268.25,-66.453125,-1.359375,1601283202261
268.25,-66.453125,-1.359375,1601283202263
268.28125,-66.5,-1.359375,1601283202267
268.3125,-66.53125,-1.359375,1601283202273
268.3125,-66.53125,-1.359375,1601283202277
268.3125,-66.53125,-1.359375,1601283202282
268.3125,-66.53125,-1.359375,1601283202289
268.3125,-66.53125,-1.375,1601283202292
268.3125,-66.53125,-1.375,1601283202298
268.3125,-66.53125,-1.375,1601283202305
268.28125,-66.5,-1.375,1601283202307
268.23438,-66.46875,-1.359375,1601283202312
268.23438,-66.46875,-1.359375,1601283202319
268.23438,-66.46875,-1.359375,1601283202329
268.20312,-66.4375,-1.328125,1601283202333
268.1875,-66.421875,-1.296875,1601283202339
268.1875,-66.421875,-1.296875,1601283202342
268.1875,-66.421875,-1.296875,1601283202343
268.1875,-66.390625,-1.25,1601283202354
268.17188,-66.375,-1.21875,1601283202356
268.17188,-66.375,-1.21875,1601283202358
268.17188,-66.375,-1.21875,1601283202363
268.1875,-66.359375,-1.203125,1601283202368
268.20312,-66.34375,-1.21875,1601283202376
268.20312,-66.34375,-1.21875,1601283202380
268.20312,-66.34375,-1.21875,1601283202384
268.21875,-66.3125,-1.21875,1601283202389
268.21875,-66.265625,-1.234375,1601283202392
268.21875,-66.265625,-1.234375,1601283202398
268.21875,-66.265625,-1.234375,1601283202403
268.21875,-66.25,-1.25,1601283202409
268.20312,-66.234375,-1.25,1601283202414
268.20312,-66.234375,-1.25,1601283202418
268.20312,-66.234375,-1.25,1601283202428
268.20312,-66.234375,-1.25,1601283202429
268.1875,-66.25,-1.21875,1601283202432
268.1875,-66.25,-1.21875,1601283202439
268.17188,-66.3125,-1.15625,1601283202442
268.17188,-66.3125,-1.15625,1601283202449
268.17188,-66.3125,-1.15625,1601283202454
268.17188,-66.359375,-1.125,1601283202458
268.17188,-66.359375,-1.125,1601283202463
268.1875,-66.390625,-1.109375,1601283202471
268.1875,-66.390625,-1.109375,1601283202476
268.1875,-66.390625,-1.109375,1601283202479
268.1875,-66.390625,-1.125,1601283202483
268.20312,-66.390625,-1.140625,1601283202492
268.20312,-66.390625,-1.140625,1601283202495
268.20312,-66.390625,-1.140625,1601283202498
268.20312,-66.359375,-1.171875,1601283202506
268.20312,-66.34375,-1.203125,1601283202509
268.20312,-66.34375,-1.203125,1601283202514
268.20312,-66.3125,-1.21875,1601283202522
268.20312,-66.3125,-1.21875,1601283202524
268.1875,-66.3125,-1.21875,1601283202528
268.1875,-66.3125,-1.21875,1601283202533
268.1875,-66.3125,-1.21875,1601283202539
268.20312,-66.328125,-1.234375,1601283202544
268.20312,-66.328125,-1.234375,1601283202552
268.1875,-66.359375,-1.234375,1601283202557
268.1875,-66.359375,-1.234375,1601283202560
268.1875,-66.375,-1.234375,1601283202571
268.1875,-66.375,-1.234375,1601283202573
268.17188,-66.390625,-1.234375,1601283202576
268.17188,-66.390625,-1.234375,1601283202582
268.17188,-66.375,-1.234375,1601283202586
268.17188,-66.375,-1.234375,1601283202588
268.17188,-66.34375,-1.234375,1601283202596
268.17188,-66.34375,-1.234375,1601283202599
268.15625,-66.28125,-1.25,1601283202609
268.15625,-66.28125,-1.25,1601283202612
268.125,-66.21875,-1.25,1601283202615
268.07812,-66.140625,-1.25,1601283202623
268.07812,-66.140625,-1.25,1601283202625
268.07812,-66.140625,-1.25,1601283202631
268.01562,-66.09375,-1.265625,1601283202635
268.01562,-66.09375,-1.265625,1601283202641
267.9375,-66.0625,-1.265625,1601283202645
267.9375,-66.0625,-1.265625,1601283202649
267.875,-66.03125,-1.25,1601283202660
267.875,-66.03125,-1.25,1601283202662
267.8125,-66.015625,-1.25,1601283202663
267.8125,-66.015625,-1.25,1601283202669
267.78125,-66.03125,-1.234375,1601283202672
267.78125,-66.03125,-1.234375,1601283202677
267.76562,-66.03125,-1.234375,1601283202687
267.76562,-66.03125,-1.234375,1601283202689
267.76562,-66.0625,-1.21875,1601283202693
267.76562,-66.0625,-1.21875,1601283202698
267.78125,-66.09375,-1.203125,1601283202704
267.78125,-66.09375,-1.203125,1601283202709
267.79688,-66.125,-1.203125,1601283202714
267.79688,-66.125,-1.203125,1601283202721
267.79688,-66.15625,-1.203125,1601283202724
267.78125,-66.15625,-1.1875,1601283202731
267.78125,-66.15625,-1.1875,1601283202737
267.78125,-66.15625,-1.1875,1601283202740
267.76562,-66.171875,-1.203125,1601283202743
267.76562,-66.171875,-1.203125,1601283202750
267.75,-66.171875,-1.203125,1601283202755
267.75,-66.171875,-1.203125,1601283202765
267.75,-66.171875,-1.1875,1601283202769
267.75,-66.171875,-1.1875,1601283202771
267.76562,-66.171875,-1.1875,1601283202774
267.76562,-66.171875,-1.1875,1601283202782
267.79688,-66.1875,-1.1875,1601283202786
267.79688,-66.1875,-1.1875,1601283202790
267.82812,-66.203125,-1.1875,1601283202797
267.82812,-66.203125,-1.1875,1601283202799
267.84375,-66.234375,-1.1875,1601283202805
267.84375,-66.234375,-1.1875,1601283202809
267.85938,-66.25,-1.1875,1601283202816
267.85938,-66.25,-1.1875,1601283202825
267.85938,-66.25,-1.1875,1601283202829
267.875,-66.265625,-1.1875,1601283202835
267.875,-66.265625,-1.1875,1601283202837
267.875,-66.265625,-1.1875,1601283202840
267.89062,-66.25,-1.1875,1601283202851
267.89062,-66.25,-1.1875,1601283202855
267.89062,-66.203125,-1.203125,1601283202859
267.89062,-66.203125,-1.203125,1601283202861
267.89062,-66.203125,-1.203125,1601283202864
267.90625,-66.15625,-1.21875,1601283202871
267.92188,-66.109375,-1.234375,1601283202874
267.92188,-66.109375,-1.234375,1601283202880
267.92188,-66.09375,-1.265625,1601283202887
267.92188,-66.09375,-1.265625,1601283202890
267.92188,-66.109375,-1.265625,1601283202894
267.92188,-66.109375,-1.265625,1601283202899
267.92188,-66.140625,-1.265625,1601283202906
267.92188,-66.140625,-1.265625,1601283202910
267.92188,-66.171875,-1.265625,1601283202915
267.92188,-66.171875,-1.265625,1601283202925
267.9375,-66.203125,-1.265625,1601283202927
267.9375,-66.203125,-1.265625,1601283202930
267.92188,-66.21875,-1.265625,1601283202940
267.92188,-66.21875,-1.265625,1601283202941
267.92188,-66.21875,-1.265625,1601283202946
267.92188,-66.21875,-1.265625,1601283202951
267.90625,-66.203125,-1.265625,1601283202956
267.90625,-66.203125,-1.265625,1601283202959
267.90625,-66.203125,-1.265625,1601283202964
267.90625,-66.171875,-1.25,1601283202970
267.89062,-66.140625,-1.25,1601283202974
267.89062,-66.140625,-1.25,1601283202979
267.89062,-66.140625,-1.25,1601283202986
267.89062,-66.140625,-1.25,1601283202991
267.875,-66.125,-1.265625,1601283202995
267.875,-66.125,-1.265625,1601283203004
267.875,-66.125,-1.265625,1601283203009
267.89062,-66.140625,-1.25,1601283203012
267.89062,-66.15625,-1.25,1601283203015
267.89062,-66.15625,-1.25,1601283203021
267.89062,-66.15625,-1.25,1601283203025
267.90625,-66.171875,-1.25,1601283203032
267.92188,-66.171875,-1.234375,1601283203035
267.92188,-66.171875,-1.234375,1601283203044
267.92188,-66.171875,-1.234375,1601283203046
267.92188,-66.171875,-1.234375,1601283203054
267.9375,-66.15625,-1.234375,1601283203056
267.9375,-66.15625,-1.234375,1601283203059
267.9375,-66.15625,-1.234375,1601283203066
267.95312,-66.09375,-1.234375,1601283203074
267.95312,-66.09375,-1.234375,1601283203075
267.95312,-66.09375,-1.234375,1601283203080
267.95312,-66.09375,-1.234375,1601283203091
267.9375,-66.046875,-1.234375,1601283203096
267.9375,-66.0,-1.25,1601283203100
267.9375,-66.0,-1.25,1601283203102
267.9375,-66.0,-1.25,1601283203108
267.92188,-65.953125,-1.265625,1601283203112
267.90625,-65.921875,-1.28125,1601283203116
267.90625,-65.921875,-1.28125,1601283203122
267.90625,-65.921875,-1.28125,1601283203125
267.89062,-65.921875,-1.296875,1601283203130
267.875,-65.9375,-1.296875,1601283203136
267.875,-65.9375,-1.296875,1601283203140
267.875,-65.9375,-1.296875,1601283203146
267.89062,-65.96875,-1.3125,1601283203157
267.89062,-66.015625,-1.3125,1601283203161
267.89062,-66.015625,-1.3125,1601283203162
267.89062,-66.015625,-1.3125,1601283203169
267.90625,-66.078125,-1.328125,1601283203172
267.90625,-66.078125,-1.328125,1601283203175
267.90625,-66.078125,-1.328125,1601283203179
267.90625,-66.078125,-1.328125,1601283203185
267.9375,-66.046875,-1.34375,1601283203192
267.9375,-66.046875,-1.34375,1601283203194
267.9375,-66.046875,-1.34375,1601283203208
267.9375,-66.046875,-1.34375,1601283203209
267.95312,-65.9375,-1.359375,1601283203212
267.95312,-65.9375,-1.359375,1601283203218
267.95312,-65.9375,-1.359375,1601283203220
267.95312,-65.9375,-1.359375,1601283203226
267.9375,-65.859375,-1.359375,1601283203236
267.9375,-65.859375,-1.359375,1601283203237
267.9375,-65.859375,-1.359375,1601283203240
267.9375,-65.859375,-1.359375,1601283203248
267.95312,-65.828125,-1.359375,1601283203250
267.95312,-65.828125,-1.359375,1601283203257
267.95312,-65.828125,-1.359375,1601283203260
267.95312,-65.828125,-1.359375,1601283203271
268.01562,-65.859375,-1.359375,1601283203274
268.01562,-65.859375,-1.359375,1601283203276
268.01562,-65.859375,-1.359375,1601283203280
268.01562,-65.859375,-1.359375,1601283203287
268.04688,-65.859375,-1.34375,1601283203291
268.04688,-65.859375,-1.34375,1601283203295
268.04688,-65.859375,-1.34375,1601283203301
268.04688,-65.859375,-1.34375,1601283203305
268.04688,-65.828125,-1.359375,1601283203310
268.04688,-65.828125,-1.359375,1601283203321
268.04688,-65.828125,-1.359375,1601283203322
268.04688,-65.828125,-1.359375,1601283203326
268.03125,-65.8125,-1.375,1601283203331
268.03125,-65.8125,-1.375,1601283203337
268.03125,-65.8125,-1.375,1601283203341
268.03125,-65.8125,-1.375,1601283203347
268.01562,-65.765625,-1.390625,1601283203358
268.01562,-65.765625,-1.390625,1601283203360
268.01562,-65.765625,-1.390625,1601283203364
268.01562,-65.765625,-1.390625,1601283203367
268.03125,-65.75,-1.375,1601283203376
268.03125,-65.75,-1.375,1601283203378
268.03125,-65.75,-1.375,1601283203380
268.03125,-65.75,-1.375,1601283203386
268.0625,-65.734375,-1.359375,1601283203391
268.0625,-65.734375,-1.359375,1601283203399
268.0625,-65.734375,-1.359375,1601283203402
268.0625,-65.734375,-1.359375,1601283203411
268.07812,-65.703125,-1.359375,1601283203413
268.07812,-65.703125,-1.359375,1601283203420
268.07812,-65.703125,-1.359375,1601283203422
268.07812,-65.703125,-1.359375,1601283203425
268.04688,-65.625,-1.34375,1601283203438
268.04688,-65.625,-1.34375,1601283203440
268.04688,-65.625,-1.34375,1601283203442
268.01562,-65.578125,-1.328125,1601283203446
268.0,-65.5625,-1.3125,1601283203453
268.0,-65.5625,-1.3125,1601283203456
267.98438,-65.5625,-1.3125,1601283203465
267.98438,-65.5625,-1.3125,1601283203467
267.98438,-65.5625,-1.3125,1601283203477
267.98438,-65.5625,-1.3125,1601283203478
267.98438,-65.5625,-1.328125,1601283203487
267.98438,-65.5625,-1.328125,1601283203489
267.98438,-65.546875,-1.34375,1601283203492
267.98438,-65.546875,-1.34375,1601283203495
267.98438,-65.546875,-1.34375,1601283203501
267.98438,-65.53125,-1.375,1601283203505
267.98438,-65.53125,-1.375,1601283203511
267.98438,-65.53125,-1.375,1601283203517
267.98438,-65.53125,-1.375,1601283203521
267.98438,-65.515625,-1.390625,1601283203526
267.98438,-65.515625,-1.40625,1601283203534
267.98438,-65.515625,-1.40625,1601283203536
267.98438,-65.515625,-1.40625,1601283203542
267.98438,-65.515625,-1.40625,1601283203551
267.98438,-65.515625,-1.40625,1601283203553
267.98438,-65.515625,-1.40625,1601283203557
267.98438,-65.515625,-1.40625,1601283203561
267.96875,-65.515625,-1.40625,1601283203571
267.96875,-65.53125,-1.40625,1601283203574
267.96875,-65.53125,-1.40625,1601283203575
267.96875,-65.53125,-1.40625,1601283203591
267.95312,-65.53125,-1.40625,1601283203593
267.96875,-65.546875,-1.421875,1601283203597
267.96875,-65.546875,-1.421875,1601283203599
267.96875,-65.546875,-1.421875,1601283203607
267.98438,-65.546875,-1.421875,1601283203610
268.0,-65.546875,-1.4375,1601283203613
268.0,-65.546875,-1.4375,1601283203619
268.0,-65.546875,-1.4375,1601283203622
268.01562,-65.53125,-1.453125,1601283203626
268.03125,-65.515625,-1.46875,1601283203634
268.03125,-65.515625,-1.46875,1601283203638
268.03125,-65.515625,-1.46875,1601283203641
268.04688,-65.515625,-1.484375,1601283203647
268.0625,-65.5,-1.5,1601283203657
268.0625,-65.5,-1.5,1601283203658
268.0625,-65.5,-1.5,1601283203664
268.04688,-65.484375,-1.5,1601283203673
268.04688,-65.46875,-1.5,1601283203676
268.04688,-65.46875,-1.5,1601283203677
268.04688,-65.46875,-1.5,1601283203688
268.04688,-65.46875,-1.484375,1601283203689
268.03125,-65.453125,-1.46875,1601283203691
268.03125,-65.453125,-1.46875,1601283203703
268.03125,-65.453125,-1.46875,1601283203705
268.03125,-65.453125,-1.46875,1601283203706
268.03125,-65.4375,-1.453125,1601283203716
268.03125,-65.4375,-1.453125,1601283203718
268.03125,-65.4375,-1.453125,1601283203726
268.03125,-65.4375,-1.4375,1601283203728
268.03125,-65.421875,-1.4375,1601283203732
268.03125,-65.421875,-1.4375,1601283203741
268.03125,-65.421875,-1.4375,1601283203745
268.04688,-65.40625,-1.453125,1601283203748
268.0625,-65.390625,-1.46875,1601283203755
268.0625,-65.390625,-1.46875,1601283203756
268.0625,-65.390625,-1.46875,1601283203766
268.09375,-65.390625,-1.484375,1601283203767
268.125,-65.390625,-1.515625,1601283203771
268.125,-65.390625,-1.515625,1601283203775
268.125,-65.390625,-1.515625,1601283203781
268.14062,-65.40625,-1.53125,1601283203785
268.15625,-65.40625,-1.546875,1601283203791
268.15625,-65.40625,-1.546875,1601283203799
268.15625,-65.40625,-1.546875,1601283203801
268.1875,-65.40625,-1.5625,1601283203806
268.20312,-65.40625,-1.5625,1601283203814
268.20312,-65.40625,-1.5625,1601283203817
268.20312,-65.40625,-1.5625,1601283203821
268.20312,-65.390625,-1.5625,1601283203829
268.20312,-65.390625,-1.5625,1601283203832
268.20312,-65.390625,-1.5625,1601283203841
268.20312,-65.390625,-1.5625,1601283203846
268.20312,-65.375,-1.5625,1601283203849
268.20312,-65.390625,-1.5625,1601283203852
268.20312,-65.390625,-1.5625,1601283203861
268.20312,-65.390625,-1.5625,1601283203862
268.20312,-65.390625,-1.5625,1601283203869
268.21875,-65.390625,-1.578125,1601283203873
268.21875,-65.390625,-1.578125,1601283203877
268.21875,-65.390625,-1.578125,1601283203882
268.25,-65.359375,-1.59375,1601283203886
268.28125,-65.328125,-1.609375,1601283203891
268.28125,-65.328125,-1.609375,1601283203898
268.28125,-65.328125,-1.609375,1601283203902
268.3125,-65.296875,-1.625,1601283203907
268.32812,-65.25,-1.625,1601283203919
268.32812,-65.25,-1.625,1601283203922
268.32812,-65.25,-1.625,1601283203924
268.32812,-65.234375,-1.625,1601283203928
268.34375,-65.21875,-1.609375,1601283203935
268.34375,-65.21875,-1.609375,1601283203937
268.34375,-65.21875,-1.609375,1601283203941
268.35938,-65.234375,-1.59375,1601283203948
268.35938,-65.25,-1.59375,1601283203952
268.35938,-65.25,-1.59375,1601283203958
268.35938,-65.25,-1.59375,1601283203964
268.35938,-65.296875,-1.578125,1601283203967
268.35938,-65.328125,-1.5625,1601283203971
268.35938,-65.328125,-1.5625,1601283203977
268.35938,-65.328125,-1.5625,1601283203984
268.35938,-65.34375,-1.5625,1601283203988
268.35938,-65.359375,-1.546875,1601283203992
268.35938,-65.359375,-1.546875,1601283204000
268.35938,-65.359375,-1.546875,1601283204002
268.35938,-65.359375,-1.546875,1601283204008
268.35938,-65.34375,-1.515625,1601283204019
268.35938,-65.34375,-1.515625,1601283204023
268.35938,-65.34375,-1.515625,1601283204025
268.34375,-65.328125,-1.5,1601283204032
268.3125,-65.296875,-1.484375,1601283204035
268.3125,-65.296875,-1.484375,1601283204040
268.3125,-65.296875,-1.484375,1601283204043
268.28125,-65.28125,-1.46875,1601283204047
268.23438,-65.28125,-1.453125,1601283204053
268.23438,-65.28125,-1.453125,1601283204059
268.23438,-65.28125,-1.453125,1601283204063
268.20312,-65.296875,-1.4375,1601283204068
268.17188,-65.3125,-1.4375,1601283204073
268.17188,-65.3125,-1.4375,1601283204078
268.17188,-65.3125,-1.4375,1601283204083
268.17188,-65.3125,-1.4375,1601283204088
268.14062,-65.34375,-1.40625,1601283204092
268.14062,-65.34375,-1.40625,1601283204098
268.14062,-65.34375,-1.40625,1601283204103
268.14062,-65.34375,-1.40625,1601283204107
268.10938,-65.390625,-1.375,1601283204114
268.10938,-65.390625,-1.375,1601283204118
268.10938,-65.390625,-1.375,1601283204123
268.10938,-65.390625,-1.375,1601283204131
268.09375,-65.375,-1.34375,1601283204133
268.09375,-65.375,-1.34375,1601283204138
268.09375,-65.375,-1.34375,1601283204146
268.09375,-65.375,-1.34375,1601283204148
268.07812,-65.328125,-1.34375,1601283204153
268.07812,-65.328125,-1.34375,1601283204160
268.07812,-65.328125,-1.34375,1601283204170
268.07812,-65.328125,-1.34375,1601283204173
268.09375,-65.265625,-1.34375,1601283204179
268.09375,-65.265625,-1.34375,1601283204182
268.09375,-65.265625,-1.34375,1601283204184
268.09375,-65.265625,-1.34375,1601283204196
268.125,-65.25,-1.359375,1601283204199
268.125,-65.25,-1.359375,1601283204202
268.125,-65.25,-1.359375,1601283204206
268.125,-65.25,-1.359375,1601283204212
268.14062,-65.265625,-1.375,1601283204215
268.14062,-65.265625,-1.375,1601283204226
268.14062,-65.265625,-1.375,1601283204228
268.14062,-65.265625,-1.375,1601283204229
268.15625,-65.265625,-1.40625,1601283204238
268.15625,-65.265625,-1.40625,1601283204240
268.15625,-65.265625,-1.40625,1601283204243
268.15625,-65.265625,-1.40625,1601283204249
268.1875,-65.25,-1.4375,1601283204253
268.1875,-65.25,-1.4375,1601283204258
268.1875,-65.25,-1.4375,1601283204264
268.1875,-65.25,-1.4375,1601283204268
268.23438,-65.21875,-1.46875,1601283204275
268.23438,-65.21875,-1.46875,1601283204280
268.23438,-65.21875,-1.46875,1601283204284
268.23438,-65.21875,-1.46875,1601283204289
268.21875,-65.1875,-1.5,1601283204298
268.21875,-65.1875,-1.5,1601283204299
268.21875,-65.1875,-1.5,1601283204302
268.21875,-65.1875,-1.5,1601283204307
268.20312,-65.1875,-1.53125,1601283204313
268.20312,-65.1875,-1.53125,1601283204317
268.20312,-65.1875,-1.53125,1601283204322
268.20312,-65.1875,-1.53125,1601283204327
268.1875,-65.203125,-1.5625,1601283204332
268.1875,-65.203125,-1.5625,1601283204337
268.1875,-65.203125,-1.5625,1601283204344
268.1875,-65.203125,-1.5625,1601283204348
268.21875,-65.25,-1.578125,1601283204352
268.21875,-65.25,-1.578125,1601283204357
268.21875,-65.25,-1.578125,1601283204363
268.21875,-65.25,-1.578125,1601283204369
268.23438,-65.28125,-1.59375,1601283204374
268.23438,-65.28125,-1.59375,1601283204380
268.23438,-65.28125,-1.59375,1601283204383
268.23438,-65.28125,-1.59375,1601283204388
268.20312,-65.265625,-1.59375,1601283204400
268.20312,-65.265625,-1.59375,1601283204401
268.20312,-65.265625,-1.59375,1601283204405
268.20312,-65.265625,-1.59375,1601283204408
268.14062,-65.25,-1.5625,1601283204417
268.14062,-65.25,-1.5625,1601283204419
268.14062,-65.25,-1.5625,1601283204423
268.14062,-65.25,-1.5625,1601283204433
268.125,-65.296875,-1.546875,1601283204434
268.125,-65.296875,-1.546875,1601283204440
268.125,-65.296875,-1.546875,1601283204446
268.125,-65.296875,-1.546875,1601283204450
268.125,-65.359375,-1.53125,1601283204455
268.125,-65.359375,-1.53125,1601283204463
268.125,-65.359375,-1.53125,1601283204464
268.125,-65.390625,-1.546875,1601283204470
268.125,-65.390625,-1.546875,1601283204476
268.125,-65.390625,-1.546875,1601283204479
268.125,-65.375,-1.546875,1601283204488
268.125,-65.375,-1.546875,1601283204489
268.125,-65.359375,-1.546875,1601283204496
268.125,-65.359375,-1.546875,1601283204498
268.125,-65.359375,-1.546875,1601283204504
268.125,-65.359375,-1.546875,1601283204513
268.14062,-65.359375,-1.546875,1601283204515
268.14062,-65.359375,-1.546875,1601283204520
268.15625,-65.375,-1.5625,1601283204526
268.15625,-65.375,-1.5625,1601283204537
268.1875,-65.390625,-1.5625,1601283204543
268.1875,-65.390625,-1.5625,1601283204546
268.1875,-65.390625,-1.5625,1601283204548
268.21875,-65.40625,-1.578125,1601283204551
268.23438,-65.421875,-1.59375,1601283204561
268.23438,-65.421875,-1.59375,1601283204562
268.23438,-65.421875,-1.59375,1601283204564
268.23438,-65.46875,-1.59375,1601283204571
268.23438,-65.46875,-1.59375,1601283204573
268.23438,-65.46875,-1.59375,1601283204580
268.23438,-65.46875,-1.59375,1601283204584
268.23438,-65.46875,-1.59375,1601283204591
268.21875,-65.484375,-1.59375,1601283204593
268.21875,-65.484375,-1.59375,1601283204601
268.21875,-65.484375,-1.59375,1601283204605
268.21875,-65.46875,-1.578125,1601283204610
268.23438,-65.46875,-1.578125,1601283204614
268.23438,-65.46875,-1.578125,1601283204620
268.23438,-65.46875,-1.578125,1601283204625
268.23438,-65.453125,-1.578125,1601283204630
268.25,-65.421875,-1.578125,1601283204634
268.25,-65.421875,-1.578125,1601283204639
268.26562,-65.40625,-1.578125,1601283204646
268.26562,-65.40625,-1.578125,1601283204651
268.26562,-65.40625,-1.578125,1601283204657
268.26562,-65.40625,-1.578125,1601283204661
268.26562,-65.40625,-1.578125,1601283204667
268.29688,-65.390625,-1.578125,1601283204671
268.3125,-65.390625,-1.59375,1601283204676
268.3125,-65.390625,-1.59375,1601283204685
268.3125,-65.390625,-1.59375,1601283204686
268.32812,-65.390625,-1.609375,1601283204689
268.32812,-65.390625,-1.609375,1601283204695
268.32812,-65.390625,-1.609375,1601283204699
268.32812,-65.390625,-1.609375,1601283204704
268.32812,-65.390625,-1.625,1601283204714
268.32812,-65.375,-1.625,1601283204717
268.32812,-65.375,-1.625,1601283204720
268.32812,-65.375,-1.625,1601283204724
268.34375,-65.328125,-1.625,1601283204731
268.34375,-65.328125,-1.625,1601283204736
268.34375,-65.328125,-1.625,1601283204738
268.34375,-65.328125,-1.625,1601283204746
268.35938,-65.328125,-1.625,1601283204750
268.35938,-65.328125,-1.625,1601283204756
268.35938,-65.328125,-1.625,1601283204764
268.35938,-65.328125,-1.625,1601283204768
268.35938,-65.359375,-1.625,1601283204771
268.35938,-65.359375,-1.625,1601283204774
268.35938,-65.359375,-1.625,1601283204782
268.35938,-65.359375,-1.625,1601283204785
268.375,-65.421875,-1.640625,1601283204792
268.375,-65.421875,-1.640625,1601283204800
268.375,-65.421875,-1.640625,1601283204801
268.375,-65.421875,-1.640625,1601283204804
268.35938,-65.453125,-1.609375,1601283204811
268.35938,-65.453125,-1.609375,1601283204814
268.35938,-65.453125,-1.609375,1601283204820
268.35938,-65.453125,-1.609375,1601283204825
268.3125,-65.421875,-1.578125,1601283204830
268.3125,-65.421875,-1.578125,1601283204836
268.3125,-65.421875,-1.578125,1601283204840
268.3125,-65.421875,-1.578125,1601283204850
268.28125,-65.328125,-1.5625,1601283204854
268.28125,-65.328125,-1.5625,1601283204856
268.28125,-65.328125,-1.5625,1601283204862
268.28125,-65.328125,-1.5625,1601283204864
268.28125,-65.265625,-1.546875,1601283204874
268.28125,-65.265625,-1.546875,1601283204876
268.28125,-65.265625,-1.546875,1601283204886
268.28125,-65.265625,-1.546875,1601283204889
268.28125,-65.265625,-1.546875,1601283204893
268.28125,-65.265625,-1.546875,1601283204895
268.28125,-65.265625,-1.546875,1601283204907
268.28125,-65.265625,-1.546875,1601283204909
268.3125,-65.328125,-1.5625,1601283204912
268.3125,-65.328125,-1.5625,1601283204918
268.3125,-65.328125,-1.5625,1601283204920
268.3125,-65.328125,-1.5625,1601283204930
268.35938,-65.34375,-1.578125,1601283204935
268.35938,-65.34375,-1.578125,1601283204936
268.35938,-65.34375,-1.578125,1601283204941
268.35938,-65.34375,-1.578125,1601283204948
268.375,-65.296875,-1.59375,1601283204951
268.375,-65.296875,-1.59375,1601283204956
268.39062,-65.265625,-1.609375,1601283204962
268.39062,-65.265625,-1.609375,1601283204965
268.39062,-65.234375,-1.609375,1601283204970
268.39062,-65.234375,-1.609375,1601283204980
268.40625,-65.203125,-1.625,1601283204985
268.40625,-65.203125,-1.625,1601283204987
268.40625,-65.171875,-1.640625,1601283204992
268.40625,-65.171875,-1.640625,1601283204996
268.4375,-65.15625,-1.640625,1601283205007
268.4375,-65.15625,-1.640625,1601283205011
268.4375,-65.15625,-1.640625,1601283205015
268.4375,-65.15625,-1.640625,1601283205017
268.45312,-65.15625,-1.640625,1601283205024
268.45312,-65.15625,-1.640625,1601283205033
268.45312,-65.15625,-1.640625,1601283205036
268.45312,-65.15625,-1.640625,1601283205039
268.45312,-65.15625,-1.640625,1601283205042
268.45312,-65.15625,-1.65625,1601283205051
268.45312,-65.171875,-1.65625,1601283205054
268.45312,-65.171875,-1.65625,1601283205057
268.45312,-65.171875,-1.65625,1601283205065
268.46875,-65.171875,-1.65625,1601283205066
268.46875,-65.15625,-1.65625,1601283205070
268.46875,-65.15625,-1.65625,1601283205076
268.46875,-65.15625,-1.65625,1601283205080
268.46875,-65.140625,-1.65625,1601283205085
268.46875,-65.125,-1.65625,1601283205093
268.46875,-65.125,-1.65625,1601283205097
268.46875,-65.125,-1.65625,1601283205100
268.45312,-65.09375,-1.65625,1601283205105
268.4375,-65.078125,-1.640625,1601283205112
268.4375,-65.078125,-1.640625,1601283205116
268.4375,-65.078125,-1.640625,1601283205122
268.42188,-65.09375,-1.640625,1601283205126
268.42188,-65.125,-1.625,1601283205140
268.42188,-65.125,-1.625,1601283205141
268.42188,-65.125,-1.625,1601283205142
268.4375,-65.15625,-1.609375,1601283205146
268.45312,-65.203125,-1.609375,1601283205149
268.45312,-65.203125,-1.609375,1601283205158
268.45312,-65.203125,-1.609375,1601283205161
268.46875,-65.21875,-1.59375,1601283205166
268.46875,-65.21875,-1.59375,1601283205171
268.46875,-65.21875,-1.59375,1601283205175
268.46875,-65.21875,-1.59375,1601283205180
268.46875,-65.203125,-1.59375,1601283205185
268.45312,-65.171875,-1.59375,1601283205193
268.45312,-65.171875,-1.59375,1601283205196
268.45312,-65.171875,-1.59375,1601283205200
268.42188,-65.140625,-1.609375,1601283205205
268.42188,-65.109375,-1.609375,1601283205212
268.42188,-65.109375,-1.609375,1601283205215
268.42188,-65.109375,-1.609375,1601283205220
268.42188,-65.09375,-1.609375,1601283205226
268.4375,-65.09375,-1.625,1601283205234
268.4375,-65.09375,-1.625,1601283205236
268.4375,-65.09375,-1.625,1601283205242
268.45312,-65.09375,-1.625,1601283205247
268.46875,-65.109375,-1.640625,1601283205252
268.46875,-65.109375,-1.640625,1601283205262
268.46875,-65.109375,-1.640625,1601283205265
268.46875,-65.125,-1.640625,1601283205268
268.48438,-65.125,-1.640625,1601283205274
268.48438,-65.125,-1.640625,1601283205276
268.48438,-65.125,-1.640625,1601283205286
268.48438,-65.125,-1.640625,1601283205292
268.48438,-65.109375,-1.640625,1601283205296
268.48438,-65.109375,-1.640625,1601283205298
268.48438,-65.109375,-1.640625,1601283205304
268.48438,-65.09375,-1.640625,1601283205307
268.46875,-65.0625,-1.65625,1601283205312
268.46875,-65.0625,-1.65625,1601283205317
268.46875,-65.0625,-1.65625,1601283205320
268.46875,-65.046875,-1.671875,1601283205328
268.46875,-65.03125,-1.671875,1601283205331
268.46875,-65.03125,-1.671875,1601283205336
268.46875,-65.03125,-1.671875,1601283205342
268.46875,-65.046875,-1.6875,1601283205346
268.46875,-65.0625,-1.703125,1601283205351
268.46875,-65.0625,-1.703125,1601283205360
268.46875,-65.0625,-1.703125,1601283205362
268.45312,-65.09375,-1.703125,1601283205367
268.4375,-65.125,-1.6875,1601283205371
268.4375,-65.125,-1.6875,1601283205378
268.4375,-65.125,-1.6875,1601283205382
268.42188,-65.171875,-1.6875,1601283205386
268.42188,-65.1875,-1.671875,1601283205391
268.42188,-65.1875,-1.671875,1601283205401
268.42188,-65.1875,-1.671875,1601283205403
268.42188,-65.1875,-1.65625,1601283205410
268.42188,-65.171875,-1.65625,1601283205418
268.42188,-65.171875,-1.65625,1601283205419
268.42188,-65.171875,-1.65625,1601283205428
268.4375,-65.15625,-1.65625,1601283205431
268.4375,-65.125,-1.65625,1601283205435
268.4375,-65.125,-1.65625,1601283205436
268.4375,-65.125,-1.65625,1601283205441
268.4375,-65.09375,-1.671875,1601283205446
268.4375,-65.078125,-1.671875,1601283205450
268.4375,-65.078125,-1.671875,1601283205461
268.4375,-65.078125,-1.671875,1601283205463
268.4375,-65.078125,-1.671875,1601283205466
268.46875,-65.140625,-1.65625,1601283205475
268.46875,-65.140625,-1.65625,1601283205478
268.46875,-65.140625,-1.65625,1601283205481
268.46875,-65.171875,-1.625,1601283205490
268.46875,-65.171875,-1.625,1601283205495
268.45312,-65.1875,-1.609375,1601283205497
268.45312,-65.1875,-1.609375,1601283205501
268.45312,-65.1875,-1.609375,1601283205510
268.4375,-65.203125,-1.59375,1601283205514
268.4375,-65.203125,-1.59375,1601283205517
268.4375,-65.1875,-1.578125,1601283205526
268.4375,-65.1875,-1.578125,1601283205530
268.4375,-65.171875,-1.578125,1601283205533
268.4375,-65.171875,-1.578125,1601283205537
268.4375,-65.140625,-1.578125,1601283205545
268.4375,-65.140625,-1.578125,1601283205548
268.45312,-65.09375,-1.578125,1601283205552
268.46875,-65.0625,-1.59375,1601283205562
268.46875,-65.0625,-1.59375,1601283205564
268.46875,-65.046875,-1.59375,1601283205568
268.46875,-65.046875,-1.59375,1601283205573
268.46875,-65.046875,-1.59375,1601283205581
268.46875,-65.046875,-1.59375,1601283205584
268.46875,-65.046875,-1.59375,1601283205586
268.46875,-65.046875,-1.59375,1601283205594
268.46875,-65.046875,-1.59375,1601283205597
268.45312,-65.0625,-1.59375,1601283205601
268.45312,-65.0625,-1.59375,1601283205608
268.45312,-65.078125,-1.578125,1601283205611
268.45312,-65.078125,-1.578125,1601283205618
268.45312,-65.09375,-1.5625,1601283205624
268.45312,-65.09375,-1.5625,1601283205627
268.4375,-65.09375,-1.5625,1601283205631
268.4375,-65.09375,-1.5625,1601283205641
268.4375,-65.09375,-1.546875,1601283205643
268.4375,-65.09375,-1.546875,1601283205648
268.4375,-65.09375,-1.546875,1601283205651
268.4375,-65.09375,-1.546875,1601283205658
268.4375,-65.078125,-1.546875,1601283205662
268.4375,-65.078125,-1.546875,1601283205670
268.4375,-65.0625,-1.5625,1601283205676
268.4375,-65.0625,-1.5625,1601283205678
268.4375,-65.046875,-1.5625,1601283205688
268.4375,-65.046875,-1.5625,1601283205690
268.4375,-65.046875,-1.5625,1601283205694
268.4375,-65.046875,-1.5625,1601283205699
268.42188,-65.046875,-1.5625,1601283205704
268.42188,-65.046875,-1.5625,1601283205711
268.42188,-65.0625,-1.5625,1601283205714
268.42188,-65.0625,-1.5625,1601283205722
268.42188,-65.0625,-1.5625,1601283205726
268.42188,-65.0625,-1.5625,1601283205728
268.40625,-65.078125,-1.5625,1601283205735
268.40625,-65.078125,-1.5625,1601283205736
268.40625,-65.0625,-1.5625,1601283205742
268.40625,-65.0625,-1.5625,1601283205747
268.39062,-65.046875,-1.578125,1601283205751
268.39062,-65.046875,-1.578125,1601283205757
268.375,-65.03125,-1.578125,1601283205762
268.375,-65.03125,-1.578125,1601283205768
268.375,-65.0,-1.59375,1601283205773
268.375,-65.0,-1.59375,1601283205777
268.34375,-64.984375,-1.609375,1601283205783
268.34375,-64.984375,-1.609375,1601283205790
268.34375,-64.984375,-1.609375,1601283205794
268.34375,-64.984375,-1.609375,1601283205798
268.32812,-65.0,-1.609375,1601283205803
268.32812,-65.0,-1.609375,1601283205812
268.32812,-65.015625,-1.609375,1601283205815
268.32812,-65.015625,-1.609375,1601283205818
268.32812,-65.046875,-1.609375,1601283205830
268.32812,-65.046875,-1.609375,1601283205838
268.34375,-65.0625,-1.59375,1601283205842
268.34375,-65.0625,-1.59375,1601283205843
268.32812,-65.0625,-1.59375,1601283205845
