28.6875,-14.0,-35.375,1602243004880
28.9375,-13.1875,-35.9375,1602243004896
29.0625,-12.9375,-35.875,1602243004904
28.8125,-12.9375,-36.0,1602243004911
28.875,-12.9375,-36.125,1602243004916
28.8125,-12.875,-35.9375,1602243004920
28.875,-12.875,-35.875,1602243004924
28.9375,-12.8125,-35.9375,1602243004937
29.125,-12.6875,-35.8125,1602243004947
29.1875,-12.6875,-35.9375,1602243004955
29.1875,-12.8125,-35.875,1602243004961
29.125,-12.6875,-35.875,1602243004972
29.1875,-12.75,-35.75,1602243004982
29.25,-12.75,-35.6875,1602243005001
29.25,-12.75,-35.8125,1602243005005
29.0625,-12.8125,-35.8125,1602243005015
29.0,-13.0,-35.75,1602243005031
28.9375,-13.0625,-36.0,1602243005035
29.0,-12.9375,-35.8125,1602243005047
29.0,-13.125,-35.8125,1602243005051
29.0625,-13.375,-35.9375,1602243005067
29.0625,-13.4375,-35.875,1602243005080
29.0,-13.5,-35.75,1602243005084
29.0,-13.6875,-35.8125,1602243005098
29.0625,-13.625,-35.75,1602243005101
29.0,-13.5625,-35.8125,1602243005119
28.8125,-13.625,-35.8125,1602243005122
28.625,-13.625,-36.0,1602243005134
28.5,-13.6875,-36.0,1602243005149
28.25,-13.75,-35.875,1602243005152
28.1875,-13.5,-35.9375,1602243005167
28.0625,-13.4375,-36.0,1602243005179
28.3125,-13.125,-35.8125,1602243005183
28.375,-13.0,-36.0,1602243005199
28.3125,-13.0625,-36.0625,1602243005203
28.375,-13.0,-35.875,1602243005217
28.5625,-13.0,-35.8125,1602243005221
28.625,-12.8125,-35.6875,1602243005235
28.6875,-12.6875,-35.8125,1602243005248
28.6875,-12.625,-35.9375,1602243005252
28.625,-12.6875,-36.0,1602243005267
28.25,-12.875,-36.125,1602243005271
28.25,-13.0625,-36.0625,1602243005285
28.3125,-13.0,-36.0,1602243005297
28.25,-13.125,-36.0,1602243005301
28.0625,-13.0625,-35.8125,1602243005316
27.875,-13.1875,-35.875,1602243005321
28.125,-13.1875,-36.0,1602243005334
28.125,-13.375,-35.875,1602243005348
28.125,-13.3125,-36.0625,1602243005352
28.1875,-13.375,-36.0,1602243005364
28.1875,-13.375,-35.9375,1602243005379
28.1875,-13.25,-36.0625,1602243005383
28.1875,-13.0625,-36.0625,1602243005401
28.1875,-13.125,-36.25,1602243005405
28.375,-13.0,-36.1875,1602243005413
28.125,-12.9375,-36.0,1602243005421
28.1875,-13.0625,-35.9375,1602243005430
28.0625,-12.9375,-35.875,1602243005441
28.25,-12.625,-35.9375,1602243005454
28.0625,-12.75,-36.0,1602243005461
28.0625,-12.875,-36.125,1602243005473
28.0,-12.9375,-36.25,1602243005481
28.0625,-12.875,-36.5625,1602243005491
27.875,-12.875,-36.875,1602243005504
27.9375,-13.0,-37.0,1602243005511
27.75,-13.0,-37.125,1602243005524
27.875,-12.875,-37.125,1602243005531
27.75,-13.25,-37.25,1602243005541
27.9375,-12.875,-37.1875,1602243005554
28.0,-12.875,-37.125,1602243005561
28.125,-12.9375,-37.0,1602243005573
28.1875,-13.0625,-36.6875,1602243005581
28.25,-13.0,-36.625,1602243005591
28.0625,-13.0,-36.625,1602243005604
27.9375,-12.875,-36.5625,1602243005611
27.9375,-12.75,-36.5625,1602243005623
28.0,-12.75,-36.375,1602243005631
27.9375,-12.875,-36.375,1602243005641
27.875,-12.875,-36.1875,1602243005654
27.5,-12.6875,-36.4375,1602243005661
27.5625,-12.5,-36.4375,1602243005673
27.625,-12.4375,-36.375,1602243005681
27.6875,-12.3125,-36.1875,1602243005692
27.75,-12.4375,-36.0625,1602243005705
27.75,-12.6875,-36.25,1602243005711
27.75,-12.625,-36.3125,1602243005726
27.6875,-12.4375,-36.3125,1602243005731
27.625,-12.5625,-36.5,1602243005745
27.875,-12.625,-36.375,1602243005754
27.75,-12.75,-36.25,1602243005761
27.8125,-13.125,-36.1875,1602243005772
27.8125,-13.125,-36.4375,1602243005780
27.8125,-13.0,-36.6875,1602243005791
27.6875,-12.875,-36.5,1602243005804
27.5625,-12.9375,-36.4375,1602243005811
27.75,-13.0625,-36.4375,1602243005822
27.875,-12.9375,-36.5,1602243005831
28.0,-13.0,-36.4375,1602243005841
28.0,-13.1875,-36.6875,1602243005854
28.0,-13.0,-36.6875,1602243005861
28.125,-13.125,-36.75,1602243005873
28.1875,-13.375,-36.5625,1602243005881
28.25,-13.4375,-36.5625,1602243005891
28.25,-13.4375,-36.75,1602243005904
28.1875,-13.25,-36.6875,1602243005911
28.0,-13.1875,-36.625,1602243005922
27.9375,-13.1875,-36.6875,1602243005931
28.0,-12.875,-36.5,1602243005941
28.0625,-12.6875,-36.75,1602243005954
28.125,-12.625,-36.3125,1602243005961
27.875,-12.4375,-36.5,1602243005972
27.9375,-12.4375,-36.4375,1602243005981
27.75,-12.4375,-36.5,1602243005991
27.875,-12.5,-36.625,1602243006005
27.9375,-12.6875,-36.625,1602243006011
27.875,-12.625,-36.6875,1602243006023
27.75,-12.625,-36.9375,1602243006031
27.4375,-12.75,-36.75,1602243006041
27.4375,-12.75,-36.9375,1602243006055
27.75,-12.9375,-37.0,1602243006061
27.75,-13.0,-36.9375,1602243006075
27.8125,-13.0625,-36.875,1602243006081
27.6875,-13.125,-36.75,1602243006092
27.6875,-13.125,-36.9375,1602243006104
27.5625,-13.1875,-36.875,1602243006111
27.625,-13.25,-36.625,1602243006126
27.75,-13.3125,-36.75,1602243006132
27.6875,-13.125,-36.75,1602243006141
27.75,-12.875,-36.75,1602243006154
27.875,-12.9375,-36.875,1602243006161
27.9375,-12.9375,-36.6875,1602243006172
27.9375,-13.0,-36.4375,1602243006182
27.9375,-13.0,-36.3125,1602243006191
27.9375,-13.0,-36.125,1602243006204
27.9375,-12.9375,-36.1875,1602243006211
28.0,-12.9375,-36.0625,1602243006223
28.0,-13.25,-35.9375,1602243006231
27.9375,-13.25,-35.875,1602243006241
27.875,-13.3125,-35.9375,1602243006254
28.0625,-13.375,-36.0625,1602243006262
28.1875,-13.3125,-36.125,1602243006272
28.3125,-13.3125,-36.0625,1602243006281
28.5,-13.3125,-36.125,1602243006291
28.625,-13.3125,-36.1875,1602243006303
28.6875,-13.125,-36.3125,1602243006311
28.8125,-13.0,-36.25,1602243006321
28.8125,-12.8125,-36.0,1602243006331
28.8125,-12.875,-35.9375,1602243006341
28.6875,-12.8125,-35.9375,1602243006354
28.6875,-13.125,-35.9375,1602243006361
28.75,-13.125,-35.8125,1602243006372
28.75,-13.125,-35.8125,1602243006381
28.625,-13.125,-35.8125,1602243006391
28.6875,-13.375,-35.6875,1602243006404
28.5,-13.5,-35.9375,1602243006411
28.5,-13.5,-36.1875,1602243006423
28.625,-13.4375,-36.1875,1602243006431
28.3125,-13.25,-36.1875,1602243006442
28.375,-12.8125,-35.9375,1602243006456
28.25,-12.9375,-36.0625,1602243006461
28.3125,-12.875,-36.0625,1602243006473
28.5,-13.0,-35.9375,1602243006481
28.25,-12.8125,-35.875,1602243006492
28.1875,-12.8125,-35.9375,1602243006507
28.125,-12.8125,-35.8125,1602243006513
27.9375,-12.75,-35.9375,1602243006522
28.1875,-12.875,-35.9375,1602243006531
28.125,-12.8125,-35.875,1602243006541
28.125,-12.75,-36.0,1602243006553
28.25,-12.6875,-35.8125,1602243006561
27.875,-12.625,-35.9375,1602243006573
27.875,-12.75,-36.125,1602243006581
28.0625,-12.625,-36.125,1602243006591
28.0,-12.75,-36.125,1602243006604
28.0625,-12.625,-36.0,1602243006611
28.0,-12.875,-36.0625,1602243006622
28.125,-13.0,-36.25,1602243006631
28.125,-13.0,-36.25,1602243006641
27.9375,-13.125,-36.375,1602243006654
28.1875,-13.1875,-36.1875,1602243006661
28.25,-13.25,-36.25,1602243006672
28.25,-13.3125,-36.0,1602243006681
28.4375,-13.25,-36.375,1602243006691
28.5,-13.25,-36.4375,1602243006704
28.4375,-13.0,-36.3125,1602243006711
28.5,-13.0625,-36.375,1602243006722
28.25,-13.0625,-36.25,1602243006731
28.25,-13.0,-36.1875,1602243006741
28.0,-12.875,-36.375,1602243006754
28.0,-12.75,-36.5,1602243006761
27.8125,-12.9375,-36.6875,1602243006772
27.4375,-12.8125,-36.5,1602243006780
27.3125,-12.75,-36.4375,1602243006791
27.4375,-12.9375,-36.375,1602243006804
27.3125,-12.875,-36.3125,1602243006811
27.5625,-12.9375,-36.4375,1602243006823
27.5,-12.9375,-36.625,1602243006831
27.75,-13.0,-36.4375,1602243006844
27.9375,-13.0625,-36.4375,1602243006857
28.125,-12.75,-36.25,1602243006863
28.3125,-12.8125,-36.0,1602243006872
28.375,-12.9375,-36.0,1602243006881
28.25,-12.875,-36.0,1602243006891
28.25,-12.875,-35.875,1602243006903
28.1875,-12.875,-35.875,1602243006911
28.4375,-12.75,-35.875,1602243006922
28.375,-12.875,-36.0,1602243006931
28.25,-12.75,-35.875,1602243006941
28.1875,-12.75,-36.0625,1602243006953
28.125,-12.75,-36.375,1602243006961
28.1875,-12.875,-36.4375,1602243006973
28.375,-13.0,-36.625,1602243006982
28.4375,-13.0625,-36.75,1602243006991
28.375,-13.0,-36.9375,1602243007004
28.125,-13.125,-36.75,1602243007011
28.125,-13.125,-36.6875,1602243007022
28.25,-13.1875,-36.5,1602243007031
28.4375,-13.3125,-36.4375,1602243007041
28.625,-13.3125,-36.1875,1602243007054
28.5,-13.3125,-36.125,1602243007061
28.3125,-13.1875,-36.0,1602243007073
28.25,-13.125,-35.9375,1602243007081
28.25,-13.375,-35.75,1602243007091
28.3125,-13.375,-35.6875,1602243007104
28.25,-13.4375,-35.625,1602243007111
28.1875,-13.4375,-35.8125,1602243007122
27.875,-13.5625,-35.75,1602243007131
27.875,-13.5625,-35.75,1602243007141
27.875,-13.6875,-35.8125,1602243007154
28.0,-13.6875,-35.8125,1602243007162
28.0625,-13.6875,-36.0625,1602243007173
28.0,-13.4375,-36.0625,1602243007181
28.0,-13.4375,-36.25,1602243007191
27.9375,-13.5,-36.25,1602243007204
27.625,-13.6875,-36.375,1602243007211
27.75,-13.5625,-36.25,1602243007224
27.6875,-13.625,-36.375,1602243007231
27.8125,-13.625,-36.3125,1602243007242
27.8125,-13.5625,-36.4375,1602243007254
27.75,-13.5625,-36.375,1602243007266
27.8125,-13.4375,-36.4375,1602243007276
27.6875,-13.3125,-36.375,1602243007281
27.9375,-13.125,-36.4375,1602243007292
28.125,-12.9375,-36.3125,1602243007303
28.125,-12.8125,-36.5,1602243007311
28.125,-12.875,-36.5625,1602243007323
27.9375,-12.75,-36.4375,1602243007331
28.0,-13.0,-36.4375,1602243007341
28.125,-13.125,-36.375,1602243007354
28.125,-13.125,-36.5,1602243007361
28.0625,-13.1875,-36.5,1602243007373
27.9375,-13.1875,-36.6875,1602243007381
27.75,-13.375,-36.6875,1602243007391
27.75,-13.25,-36.6875,1602243007404
27.625,-13.25,-36.4375,1602243007411
27.75,-13.375,-36.5625,1602243007423
27.75,-13.3125,-36.5,1602243007431
27.625,-13.25,-36.5625,1602243007442
27.5625,-13.375,-36.5625,1602243007454
27.6875,-13.5,-36.8125,1602243007461
27.75,-13.625,-36.625,1602243007474
28.0,-13.375,-36.6875,1602243007481
28.0,-13.6875,-36.625,1602243007492
28.0,-13.6875,-36.9375,1602243007503
28.0,-13.6875,-37.0,1602243007511
28.0,-13.75,-37.0,1602243007523
28.0625,-13.8125,-37.0,1602243007531
28.0,-13.9375,-37.0625,1602243007541
28.0625,-13.9375,-36.6875,1602243007553
28.0625,-13.8125,-36.6875,1602243007561
28.0,-13.6875,-36.5,1602243007574
28.0625,-13.5,-36.5625,1602243007581
28.125,-13.4375,-36.4375,1602243007591
28.0,-13.125,-36.4375,1602243007604
27.8125,-12.9375,-36.5625,1602243007611
27.8125,-12.8125,-36.5,1602243007628
27.9375,-12.875,-36.375,1602243007632
27.9375,-12.875,-36.5,1602243007641
28.0625,-12.8125,-36.5625,1602243007653
27.9375,-12.875,-36.75,1602243007661
27.8125,-13.0625,-36.8125,1602243007671
27.75,-12.9375,-36.8125,1602243007681
27.8125,-13.25,-36.8125,1602243007691
28.0625,-13.375,-36.75,1602243007704
28.125,-13.5,-36.625,1602243007711
28.125,-13.375,-36.5625,1602243007722
28.125,-13.3125,-36.5,1602243007731
28.0625,-13.375,-36.4375,1602243007741
28.125,-13.625,-36.25,1602243007754
28.25,-13.5625,-36.25,1602243007762
28.25,-13.625,-36.1875,1602243007774
28.4375,-13.625,-36.125,1602243007781
28.3125,-13.5,-36.125,1602243007791
28.375,-13.125,-36.125,1602243007803
28.3125,-13.25,-36.0,1602243007811
28.125,-13.3125,-36.1875,1602243007822
28.125,-13.3125,-36.0625,1602243007831
28.0625,-12.9375,-36.1875,1602243007841
28.0,-12.9375,-36.1875,1602243007854
28.0625,-12.9375,-36.3125,1602243007861
28.0625,-12.9375,-36.25,1602243007872
28.0625,-13.0,-36.375,1602243007880
27.9375,-13.25,-36.4375,1602243007891
27.875,-13.0625,-36.75,1602243007903
28.0625,-12.9375,-36.9375,1602243007911
28.125,-12.8125,-37.125,1602243007922
28.0625,-13.0,-37.25,1602243007931
27.875,-13.0625,-37.1875,1602243007941
27.875,-13.0625,-37.25,1602243007955
27.8125,-13.0,-37.5625,1602243007961
27.9375,-13.125,-37.3125,1602243007973
27.625,-13.25,-37.3125,1602243007981
27.625,-13.25,-37.1875,1602243007993
27.5,-13.375,-36.75,1602243008004
27.5625,-13.4375,-36.6875,1602243008016
27.625,-13.3125,-36.5625,1602243008025
27.875,-13.25,-36.5,1602243008031
27.9375,-13.3125,-36.5625,1602243008041
27.9375,-13.3125,-36.25,1602243008053
27.8125,-13.1875,-36.1875,1602243008061
28.1875,-13.125,-36.375,1602243008072
28.25,-13.1875,-36.25,1602243008081
28.25,-13.0,-36.1875,1602243008091
28.0625,-13.0625,-36.0625,1602243008103
28.0,-13.3125,-36.125,1602243008111
28.125,-13.125,-36.3125,1602243008122
28.1875,-13.0625,-36.25,1602243008131
28.125,-12.875,-36.375,1602243008141
28.125,-12.875,-36.4375,1602243008154
27.875,-12.875,-36.3125,1602243008161
27.75,-12.75,-36.375,1602243008173
27.875,-12.8125,-36.4375,1602243008181
28.1875,-12.75,-36.625,1602243008191
28.125,-12.5625,-36.4375,1602243008204
27.875,-12.75,-36.4375,1602243008211
27.8125,-12.625,-36.4375,1602243008222
27.75,-12.8125,-36.375,1602243008231
27.8125,-12.9375,-36.4375,1602243008242
28.0625,-13.0,-36.375,1602243008254
28.125,-13.0625,-36.3125,1602243008261
28.125,-13.0,-36.4375,1602243008272
28.0,-13.0,-36.5,1602243008281
28.0,-13.0625,-36.5,1602243008291
28.0625,-12.9375,-36.5625,1602243008304
28.0,-13.0625,-36.4375,1602243008311
28.125,-13.0625,-36.5625,1602243008323
28.1875,-12.8125,-36.5625,1602243008331
28.125,-12.875,-36.375,1602243008341
28.25,-13.0625,-36.4375,1602243008355
28.3125,-13.0625,-36.4375,1602243008361
28.0625,-12.9375,-36.4375,1602243008373
28.1875,-12.875,-36.375,1602243008385
28.3125,-12.9375,-36.0625,1602243008395
28.4375,-13.0,-36.25,1602243008404
28.375,-13.125,-36.0625,1602243008411
28.3125,-13.1875,-35.9375,1602243008422
28.375,-13.0625,-35.8125,1602243008431
28.1875,-12.9375,-35.875,1602243008441
28.0,-13.0,-35.8125,1602243008454
28.0625,-13.1875,-35.875,1602243008461
28.0625,-13.4375,-35.9375,1602243008472
28.0,-13.5,-35.875,1602243008481
27.875,-13.4375,-35.75,1602243008491
27.875,-13.3125,-35.8125,1602243008504
27.75,-13.375,-36.0,1602243008511
27.625,-13.375,-36.125,1602243008522
27.75,-13.3125,-36.0625,1602243008531
27.75,-13.375,-36.0625,1602243008542
27.9375,-13.125,-36.0625,1602243008554
27.875,-12.9375,-36.125,1602243008561
27.8125,-13.0,-36.1875,1602243008572
27.9375,-13.0,-36.0625,1602243008581
28.0,-13.0,-36.125,1602243008591
28.125,-13.125,-36.0625,1602243008603
28.125,-13.0625,-36.3125,1602243008611
28.3125,-13.0,-36.1875,1602243008623
28.4375,-13.0,-36.25,1602243008631
28.3125,-13.25,-36.0625,1602243008641
28.375,-13.375,-36.0,1602243008654
28.1875,-13.1875,-36.0,1602243008661
27.875,-13.1875,-35.875,1602243008673
27.875,-13.1875,-35.875,1602243008681
27.875,-12.875,-35.875,1602243008691
27.8125,-12.9375,-35.9375,1602243008704
27.625,-13.0,-36.1875,1602243008711
27.75,-12.6875,-36.3125,1602243008724
27.75,-12.5625,-36.5,1602243008731
27.625,-12.375,-36.625,1602243008744
27.875,-12.1875,-36.625,1602243008754
28.125,-12.1875,-36.8125,1602243008761
28.0625,-12.1875,-36.75,1602243008771
28.25,-12.3125,-36.6875,1602243008781
28.5,-12.0625,-36.625,1602243008791
28.5,-12.0625,-36.625,1602243008803
28.25,-12.125,-36.4375,1602243008811
28.25,-12.0,-36.5625,1602243008822
28.4375,-12.125,-36.4375,1602243008831
28.1875,-12.1875,-36.625,1602243008841
28.1875,-12.125,-36.6875,1602243008853
28.0625,-12.25,-36.6875,1602243008861
27.75,-12.5625,-36.75,1602243008872
27.75,-12.75,-36.8125,1602243008881
27.9375,-12.6875,-36.6875,1602243008891
28.1875,-12.75,-36.6875,1602243008903
28.125,-12.9375,-36.625,1602243008911
28.0,-12.875,-36.625,1602243008922
28.1875,-12.9375,-36.5625,1602243008931
28.25,-13.125,-36.625,1602243008941
28.375,-13.25,-36.6875,1602243008953
28.3125,-13.0625,-36.6875,1602243008961
28.3125,-13.0625,-36.625,1602243008972
28.125,-13.1875,-36.625,1602243008981
27.625,-13.4375,-36.5625,1602243008991
27.6875,-13.4375,-36.5,1602243009003
27.75,-13.5625,-36.5625,1602243009011
27.8125,-13.4375,-36.625,1602243009022
27.75,-13.3125,-36.3125,1602243009031
27.75,-13.3125,-36.375,1602243009041
27.875,-13.25,-36.4375,1602243009053
27.875,-13.3125,-36.3125,1602243009061
27.9375,-13.375,-36.1875,1602243009073
28.1875,-13.1875,-36.25,1602243009087
28.25,-13.125,-36.3125,1602243009092
28.125,-13.125,-36.25,1602243009103
28.125,-13.375,-36.25,1602243009111
28.125,-13.25,-36.3125,1602243009127
28.1875,-13.0625,-36.375,1602243009132
28.4375,-13.3125,-36.4375,1602243009142
28.5,-13.3125,-36.4375,1602243009153
28.5625,-13.375,-36.3125,1602243009161
28.75,-13.5625,-36.125,1602243009171
28.875,-13.75,-35.8125,1602243009180
29.1875,-13.9375,-35.625,1602243009191
29.1875,-14.125,-35.375,1602243009202
29.375,-14.6875,-35.25,1602243009211
29.4375,-14.9375,-34.75,1602243009221
29.4375,-14.9375,-34.4375,1602243009235
29.625,-15.3125,-34.25,1602243009241
29.8125,-15.5625,-34.3125,1602243009253
29.6875,-15.8125,-34.5,1602243009261
29.5,-16.1875,-34.5625,1602243009272
29.4375,-16.375,-34.4375,1602243009286
29.375,-16.6875,-34.375,1602243009291
29.25,-17.0,-34.0625,1602243009303
29.4375,-17.6875,-33.75,1602243009311
29.6875,-18.375,-33.1875,1602243009322
29.75,-19.1875,-32.3125,1602243009336
29.8125,-19.9375,-31.375,1602243009341
29.875,-20.625,-30.625,1602243009353
30.0,-21.375,-30.1875,1602243009361
29.9375,-22.3125,-29.9375,1602243009372
30.0,-23.125,-29.625,1602243009381
29.9375,-23.8125,-29.3125,1602243009391
29.875,-24.4375,-28.9375,1602243009403
29.875,-25.375,-28.25,1602243009411
30.25,-26.1875,-27.625,1602243009422
30.5,-27.0625,-27.0,1602243009435
30.8125,-27.5,-26.375,1602243009444
30.75,-28.0625,-25.8125,1602243009466
30.5,-28.5,-25.6875,1602243009471
29.875,-29.125,-25.625,1602243009475
29.1875,-29.8125,-25.6875,1602243009486
28.8125,-30.5,-25.5,1602243009492
28.5,-31.0,-25.25,1602243009501
28.0625,-31.5,-24.8125,1602243009512
28.0,-32.0,-24.25,1602243009521
28.0625,-32.8125,-23.6875,1602243009531
27.875,-33.3125,-23.1875,1602243009542
27.75,-33.9375,-22.4375,1602243009551
27.5,-34.375,-21.875,1602243009561
27.5625,-34.6875,-21.4375,1602243009571
27.3125,-35.1875,-21.125,1602243009581
27.375,-35.625,-20.625,1602243009593
27.375,-35.875,-20.4375,1602243009601
27.375,-36.1875,-20.1875,1602243009612
27.1875,-36.25,-20.0625,1602243009625
27.1875,-36.3125,-19.9375,1602243009631
27.4375,-36.375,-20.0625,1602243009643
27.5625,-36.375,-19.9375,1602243009651
27.625,-36.4375,-19.875,1602243009662
27.6875,-36.4375,-19.6875,1602243009671
27.75,-36.5625,-19.5625,1602243009681
27.875,-36.5625,-19.3125,1602243009693
27.9375,-36.375,-19.25,1602243009701
28.3125,-36.1875,-19.0625,1602243009712
28.5,-36.3125,-19.0625,1602243009725
28.4375,-36.1875,-19.0,1602243009731
28.625,-36.1875,-19.1875,1602243009743
28.75,-36.0625,-19.1875,1602243009751
28.8125,-36.0,-19.3125,1602243009762
28.875,-36.0,-19.25,1602243009775
29.0,-35.875,-19.1875,1602243009781
29.125,-35.875,-19.1875,1602243009793
29.125,-35.8125,-19.25,1602243009801
29.0625,-35.75,-19.25,1602243009812
28.875,-35.75,-19.1875,1602243009825
28.75,-35.6875,-19.125,1602243009831
28.625,-35.6875,-19.3125,1602243009845
28.625,-35.5625,-19.375,1602243009851
28.5,-35.125,-19.6875,1602243009862
28.4375,-35.25,-19.875,1602243009876
28.25,-35.25,-19.75,1602243009881
28.1875,-35.375,-19.8125,1602243009897
28.3125,-35.3125,-19.5625,1602243009902
28.4375,-35.3125,-19.5,1602243009911
28.5625,-35.25,-19.5625,1602243009924
28.625,-35.375,-19.6875,1602243009931
28.5625,-35.4375,-19.5625,1602243009942
28.5,-35.625,-19.5,1602243009951
28.4375,-35.5,-19.4375,1602243009961
28.375,-35.625,-19.4375,1602243009974
28.25,-35.625,-19.25,1602243009981
28.1875,-35.75,-19.625,1602243009992
28.375,-35.75,-19.5625,1602243010001
28.5625,-36.0625,-19.375,1602243010011
28.625,-36.0,-19.125,1602243010025
28.8125,-35.9375,-19.0625,1602243010031
28.9375,-35.9375,-19.0625,1602243010043
28.8125,-36.0,-19.0,1602243010051
28.875,-35.9375,-18.9375,1602243010061
28.8125,-35.875,-18.875,1602243010074
28.9375,-35.75,-18.9375,1602243010081
28.875,-35.8125,-18.625,1602243010092
28.75,-35.6875,-18.5,1602243010101
28.8125,-35.6875,-18.5,1602243010111
28.75,-35.75,-18.3125,1602243010125
28.8125,-35.9375,-18.1875,1602243010131
29.0,-36.125,-18.3125,1602243010143
29.25,-36.125,-18.25,1602243010151
29.5,-36.25,-18.0625,1602243010161
29.5,-36.5625,-17.75,1602243010175
29.5,-36.5,-17.8125,1602243010180
29.4375,-36.5,-17.9375,1602243010193
29.5,-36.625,-17.8125,1602243010201
29.5,-36.625,-17.8125,1602243010211
29.5,-36.8125,-17.4375,1602243010220
29.5,-36.9375,-16.8125,1602243010231
29.375,-37.125,-16.5,1602243010244
29.1875,-37.125,-16.3125,1602243010251
29.25,-36.875,-16.375,1602243010262
29.1875,-36.8125,-16.5,1602243010275
29.3125,-36.875,-16.5,1602243010281
29.125,-36.875,-16.4375,1602243010297
29.0,-36.9375,-16.5625,1602243010302
28.875,-36.6875,-16.6875,1602243010312
29.0,-36.75,-16.75,1602243010324
28.875,-36.875,-16.8125,1602243010332
28.9375,-36.9375,-16.75,1602243010343
28.8125,-37.4375,-16.5625,1602243010351
28.8125,-37.5625,-16.3125,1602243010361
28.625,-37.625,-16.0,1602243010374
28.5625,-37.5625,-15.9375,1602243010381
28.5625,-37.75,-15.6875,1602243010393
28.5625,-37.875,-15.8125,1602243010402
28.3125,-37.875,-15.8125,1602243010411
28.4375,-37.9375,-15.75,1602243010424
28.4375,-38.0,-15.5625,1602243010431
28.625,-37.875,-15.4375,1602243010442
28.5625,-38.0,-15.1875,1602243010451
28.625,-38.1875,-15.4375,1602243010461
28.75,-38.3125,-15.25,1602243010474
28.75,-38.0625,-15.0,1602243010480
28.8125,-38.3125,-14.8125,1602243010493
28.8125,-38.375,-14.6875,1602243010501
28.5625,-38.25,-14.75,1602243010511
28.5,-38.25,-14.875,1602243010524
28.5,-38.125,-14.9375,1602243010531
28.625,-38.125,-15.0625,1602243010542
28.5625,-38.125,-15.0,1602243010551
28.625,-38.1875,-15.25,1602243010561
28.625,-38.5625,-15.25,1602243010574
28.625,-38.5,-15.125,1602243010581
28.5625,-38.4375,-15.1875,1602243010593
28.75,-38.5,-15.0,1602243010600
28.5625,-38.625,-14.9375,1602243010611
28.4375,-38.5625,-15.0,1602243010625
28.5,-38.375,-15.125,1602243010631
28.5,-38.4375,-15.125,1602243010644
28.5,-38.25,-14.875,1602243010651
28.625,-38.0625,-14.8125,1602243010665
28.625,-38.0,-14.8125,1602243010674
28.6875,-38.1875,-14.75,1602243010681
28.8125,-38.125,-14.75,1602243010692
28.9375,-38.0625,-14.75,1602243010701
29.0625,-38.1875,-14.625,1602243010711
29.0,-38.125,-14.5,1602243010724
29.3125,-38.0,-14.25,1602243010731
29.3125,-38.0625,-14.4375,1602243010742
29.1875,-38.0625,-14.5625,1602243010751
29.25,-38.0625,-14.5,1602243010761
29.375,-38.0,-14.5,1602243010774
29.3125,-38.0,-14.5,1602243010781
29.4375,-37.9375,-14.4375,1602243010792
29.1875,-37.875,-14.5,1602243010801
29.1875,-37.9375,-14.4375,1602243010811
29.0625,-37.8125,-14.625,1602243010824
29.0625,-37.6875,-14.4375,1602243010831
29.0625,-37.8125,-14.4375,1602243010842
29.0625,-37.9375,-14.5625,1602243010851
29.0,-37.9375,-14.6875,1602243010860
29.1875,-38.0625,-14.8125,1602243010874
29.125,-38.125,-14.9375,1602243010881
29.0625,-38.3125,-15.0,1602243010893
28.9375,-38.3125,-15.0625,1602243010900
28.875,-38.5625,-15.0,1602243010911
29.0,-38.8125,-14.9375,1602243010924
29.0625,-38.9375,-14.8125,1602243010931
29.125,-38.875,-14.6875,1602243010942
29.0,-38.8125,-14.625,1602243010951
28.9375,-38.875,-14.4375,1602243010961
28.875,-38.6875,-14.375,1602243010974
29.0,-38.75,-14.25,1602243010981
29.125,-38.8125,-14.1875,1602243010993
29.25,-38.75,-14.125,1602243011001
29.3125,-38.75,-14.375,1602243011013
29.25,-38.6875,-14.5,1602243011024
29.125,-38.5,-14.4375,1602243011031
29.25,-38.5,-14.375,1602243011043
29.1875,-38.5,-14.25,1602243011053
29.1875,-38.6875,-14.25,1602243011064
29.375,-38.5625,-14.3125,1602243011073
29.3125,-38.6875,-14.3125,1602243011081
29.1875,-38.75,-14.5,1602243011091
29.125,-38.5625,-14.375,1602243011101
29.0,-38.5,-14.375,1602243011111
29.125,-38.6875,-14.1875,1602243011124
29.0,-38.6875,-14.1875,1602243011131
28.875,-38.625,-14.1875,1602243011142
29.0,-38.4375,-14.125,1602243011151
28.9375,-38.5,-14.0625,1602243011161
28.9375,-38.3125,-14.0,1602243011174
29.0625,-38.25,-13.6875,1602243011181
29.0,-38.375,-13.625,1602243011192
29.1875,-38.25,-13.5625,1602243011201
29.1875,-38.125,-13.6875,1602243011211
29.25,-38.1875,-13.625,1602243011224
29.3125,-38.3125,-13.9375,1602243011231
29.25,-38.5,-13.875,1602243011242
29.1875,-38.375,-13.9375,1602243011251
29.1875,-38.5625,-13.9375,1602243011261
29.125,-38.6875,-14.0625,1602243011276
29.1875,-38.5625,-14.125,1602243011281
29.125,-38.875,-14.125,1602243011293
29.125,-38.8125,-14.25,1602243011301
29.125,-38.625,-14.4375,1602243011311
29.25,-38.6875,-14.25,1602243011324
29.25,-38.6875,-14.375,1602243011331
29.25,-38.625,-14.4375,1602243011342
29.3125,-38.3125,-14.3125,1602243011351
29.5,-38.1875,-14.4375,1602243011361
29.5625,-38.375,-14.25,1602243011374
29.5625,-38.1875,-14.125,1602243011381
29.5625,-38.125,-14.0,1602243011395
29.3125,-38.3125,-14.0625,1602243011401
29.375,-38.4375,-14.125,1602243011412
29.375,-38.375,-14.0625,1602243011427
29.1875,-38.4375,-13.9375,1602243011432
29.1875,-38.5,-14.125,1602243011441
29.0,-38.5,-14.0625,1602243011451
29.0625,-38.1875,-14.25,1602243011461
29.125,-38.4375,-14.5625,1602243011474
29.125,-38.5,-14.625,1602243011481
29.375,-38.4375,-14.5625,1602243011492
29.375,-38.1875,-14.5625,1602243011501
29.3125,-38.25,-14.4375,1602243011511
29.5625,-38.3125,-14.5625,1602243011523
29.5,-38.25,-14.5625,1602243011531
29.5625,-38.1875,-14.625,1602243011542
29.4375,-38.375,-14.625,1602243011551
29.1875,-38.1875,-14.6875,1602243011561
29.25,-38.1875,-14.625,1602243011573
29.125,-38.3125,-14.5,1602243011581
29.25,-38.25,-14.1875,1602243011592
29.125,-38.125,-14.5,1602243011601
29.1875,-38.25,-14.375,1602243011613
29.3125,-38.5,-14.1875,1602243011624
29.0625,-38.5,-14.1875,1602243011633
29.1875,-38.4375,-14.25,1602243011643
29.3125,-38.375,-14.0,1602243011651
29.1875,-38.4375,-14.125,1602243011661
29.25,-38.25,-14.1875,1602243011674
29.0625,-38.25,-14.375,1602243011681
29.25,-38.3125,-14.3125,1602243011693
29.1875,-38.25,-14.4375,1602243011700
29.0,-38.125,-14.625,1602243011711
29.25,-38.1875,-14.625,1602243011723
29.1875,-38.25,-14.6875,1602243011731
29.125,-38.4375,-14.8125,1602243011742
29.3125,-38.4375,-14.6875,1602243011751
29.25,-38.5625,-14.5625,1602243011763
29.3125,-38.625,-14.6875,1602243011775
29.1875,-38.6875,-14.5625,1602243011781
29.0,-38.75,-14.5,1602243011794
29.125,-38.75,-14.3125,1602243011802
29.0625,-38.875,-14.1875,1602243011812
28.9375,-38.9375,-14.0,1602243011824
29.0625,-39.0,-14.125,1602243011831
29.0,-38.875,-14.375,1602243011842
29.0625,-39.0,-14.375,1602243011850
29.125,-38.875,-14.1875,1602243011861
29.25,-38.9375,-14.3125,1602243011873
29.375,-38.875,-14.4375,1602243011881
29.4375,-38.9375,-14.375,1602243011892
29.625,-38.75,-14.5,1602243011901
29.75,-38.5625,-14.625,1602243011911
29.8125,-38.375,-14.375,1602243011923
29.875,-38.3125,-14.25,1602243011931
29.75,-38.3125,-14.4375,1602243011942
29.6875,-38.4375,-14.3125,1602243011951
29.875,-38.375,-14.1875,1602243011961
29.9375,-38.25,-14.1875,1602243011974
30.0,-38.4375,-14.25,1602243011981
29.625,-38.5,-14.125,1602243011992
29.625,-38.8125,-14.0,1602243012001
29.3125,-38.875,-14.0,1602243012011
29.25,-38.75,-14.1875,1602243012024
29.375,-38.9375,-14.0625,1602243012031
29.25,-38.875,-14.1875,1602243012043
28.875,-38.8125,-14.0625,1602243012051
28.8125,-38.8125,-14.0625,1602243012061
28.6875,-38.75,-14.0625,1602243012074
28.6875,-38.75,-14.1875,1602243012081
28.625,-38.4375,-14.125,1602243012092
28.6875,-38.5625,-14.0625,1602243012101
28.6875,-38.625,-13.75,1602243012111
28.625,-38.5,-13.875,1602243012124
28.8125,-38.4375,-14.125,1602243012131
28.9375,-38.5,-14.3125,1602243012144
29.0625,-38.375,-14.1875,1602243012151
28.875,-38.125,-14.375,1602243012161
29.25,-38.1875,-14.4375,1602243012175
29.375,-38.4375,-14.4375,1602243012185
29.5,-38.375,-14.5625,1602243012194
29.4375,-38.4375,-14.625,1602243012201
29.4375,-38.375,-14.625,1602243012211
29.4375,-38.4375,-14.625,1602243012223
29.4375,-38.375,-14.5625,1602243012231
29.4375,-38.5625,-14.9375,1602243012241
29.5,-38.625,-14.9375,1602243012251
29.375,-38.5625,-14.875,1602243012261
29.25,-38.625,-14.875,1602243012273
29.25,-38.625,-14.875,1602243012280
29.25,-38.4375,-15.0,1602243012292
29.25,-38.4375,-14.8125,1602243012301
29.0625,-38.625,-14.625,1602243012311
28.9375,-38.5,-14.5625,1602243012323
28.9375,-38.5,-14.1875,1602243012331
29.125,-38.5,-14.1875,1602243012341
29.1875,-38.5,-14.125,1602243012351
29.3125,-38.4375,-14.1875,1602243012360
29.375,-38.5625,-14.0,1602243012373
29.5625,-38.4375,-14.0,1602243012381
29.5625,-38.5625,-14.0625,1602243012393
29.6875,-38.4375,-14.0625,1602243012401
29.75,-38.6875,-14.25,1602243012411
29.625,-38.5625,-14.375,1602243012424
29.625,-38.75,-14.375,1602243012431
29.5625,-38.5,-14.5,1602243012442
29.375,-38.375,-14.625,1602243012451
29.375,-38.25,-14.8125,1602243012461
29.3125,-38.3125,-14.875,1602243012473
29.125,-38.3125,-14.8125,1602243012481
29.125,-38.25,-14.9375,1602243012493
29.25,-38.1875,-14.9375,1602243012501
29.375,-38.25,-14.8125,1602243012513
29.1875,-38.0625,-14.75,1602243012525
29.125,-38.0625,-14.75,1602243012531
29.25,-38.0,-14.75,1602243012542
29.1875,-38.0625,-14.6875,1602243012550
29.0625,-38.375,-14.5,1602243012561
29.125,-38.3125,-14.625,1602243012571
29.0625,-38.3125,-14.625,1602243012581
29.0625,-38.125,-14.5625,1602243012591
29.1875,-38.125,-14.75,1602243012601
29.25,-38.375,-14.75,1602243012611
29.25,-38.5,-14.8125,1602243012623
29.125,-38.5625,-14.6875,1602243012631
29.125,-38.5,-14.5,1602243012642
29.1875,-38.375,-14.5,1602243012651
29.25,-38.5,-14.5,1602243012660
29.25,-38.5,-14.375,1602243012673
29.0,-38.625,-14.3125,1602243012681
28.75,-38.8125,-14.25,1602243012692
28.75,-38.5625,-14.3125,1602243012700
28.8125,-38.75,-14.0625,1602243012711
29.0,-38.6875,-14.3125,1602243012723
29.25,-38.6875,-14.5625,1602243012731
29.125,-38.6875,-14.4375,1602243012742
29.1875,-38.625,-14.4375,1602243012751
29.1875,-38.6875,-14.625,1602243012761
29.3125,-38.6875,-14.6875,1602243012773
29.3125,-38.5625,-14.5625,1602243012780
29.4375,-38.5625,-14.5625,1602243012792
29.375,-38.625,-14.5625,1602243012801
29.1875,-38.8125,-14.625,1602243012810
28.875,-38.625,-14.625,1602243012823
28.8125,-38.4375,-14.625,1602243012831
28.75,-38.625,-14.5625,1602243012842
28.625,-38.5625,-14.5,1602243012851
28.625,-38.5,-14.375,1602243012861
28.625,-38.4375,-14.25,1602243012874
28.5625,-38.3125,-14.25,1602243012881
28.5625,-38.125,-14.25,1602243012892
28.5,-37.9375,-14.0625,1602243012907
28.5625,-38.0,-14.0,1602243012913
28.875,-38.125,-14.0,1602243012925
28.8125,-38.125,-14.1875,1602243012931
29.0,-38.1875,-14.125,1602243012941
29.0,-38.1875,-14.0625,1602243012955
29.0,-38.1875,-14.375,1602243012960
29.0625,-38.25,-14.375,1602243012972
29.1875,-38.3125,-14.5,1602243012981
29.25,-38.1875,-14.625,1602243012991
29.1875,-38.125,-14.75,1602243013000
29.0,-38.25,-14.875,1602243013011
29.125,-38.125,-14.9375,1602243013023
28.9375,-38.125,-14.8125,1602243013031
28.9375,-38.125,-15.0,1602243013042
28.9375,-38.25,-15.0625,1602243013055
29.1875,-38.4375,-15.0,1602243013061
29.25,-38.5625,-14.6875,1602243013073
29.25,-38.625,-14.625,1602243013081
29.375,-38.625,-14.4375,1602243013092
29.3125,-38.625,-14.4375,1602243013105
29.125,-38.6875,-14.0625,1602243013111
29.1875,-38.5625,-14.0,1602243013123
29.25,-38.625,-14.125,1602243013131
29.375,-38.5625,-13.9375,1602243013142
29.25,-38.375,-13.9375,1602243013155
29.125,-38.1875,-14.0,1602243013161
29.0,-38.3125,-14.0625,1602243013173
28.875,-38.4375,-14.1875,1602243013181
29.0,-38.4375,-14.1875,1602243013192
28.9375,-38.3125,-14.5,1602243013205
29.0,-38.5625,-14.5625,1602243013211
29.0,-38.4375,-14.25,1602243013224
28.875,-38.4375,-14.125,1602243013231
28.75,-38.375,-14.1875,1602243013242
28.75,-38.4375,-14.1875,1602243013255
28.6875,-38.4375,-14.3125,1602243013261
28.8125,-38.4375,-14.125,1602243013273
28.75,-38.3125,-14.375,1602243013281
28.875,-38.375,-14.3125,1602243013294
29.0,-38.25,-14.3125,1602243013302
29.125,-38.375,-14.1875,1602243013311
29.125,-38.5625,-14.1875,1602243013322
29.1875,-38.75,-14.0625,1602243013331
29.125,-38.6875,-14.125,1602243013341
29.3125,-38.5625,-14.125,1602243013355
29.1875,-38.375,-14.125,1602243013361
29.3125,-38.125,-13.9375,1602243013372
29.4375,-38.1875,-13.875,1602243013381
29.25,-38.25,-13.875,1602243013391
29.0625,-38.1875,-14.0,1602243013405
29.0625,-38.125,-14.0625,1602243013411
29.0625,-38.1875,-14.0625,1602243013422
29.3125,-38.125,-14.0,1602243013431
29.0,-37.9375,-13.9375,1602243013441
29.0625,-38.125,-13.9375,1602243013455
28.8125,-38.3125,-13.9375,1602243013461
28.6875,-38.1875,-13.9375,1602243013473
28.6875,-38.375,-14.0,1602243013481
28.6875,-38.4375,-13.9375,1602243013491
28.625,-38.5625,-13.875,1602243013505
28.5625,-38.25,-13.875,1602243013512
28.6875,-38.4375,-14.125,1602243013523
28.9375,-38.5625,-14.25,1602243013531
29.125,-38.6875,-14.375,1602243013541
29.3125,-38.8125,-14.4375,1602243013554
29.3125,-39.0,-14.5,1602243013561
29.375,-38.8125,-14.5625,1602243013574
29.5,-38.875,-14.6875,1602243013581
29.5,-38.5,-14.8125,1602243013591
29.4375,-38.75,-14.6875,1602243013606
29.25,-38.6875,-14.5,1602243013611
29.25,-38.875,-14.375,1602243013623
29.125,-38.75,-14.3125,1602243013635
29.1875,-38.6875,-14.0625,1602243013646
29.25,-38.5,-14.0,1602243013651
29.25,-38.4375,-14.0,1602243013661
29.1875,-38.1875,-14.0,1602243013673
29.125,-38.3125,-13.9375,1602243013681
29.25,-38.1875,-14.25,1602243013693
29.125,-38.1875,-14.375,1602243013707
29.125,-38.0625,-14.625,1602243013711
29.1875,-38.0625,-14.75,1602243013722
29.125,-37.9375,-14.875,1602243013730
29.0625,-38.0,-14.875,1602243013741
28.9375,-37.9375,-15.0,1602243013754
28.9375,-38.0,-14.875,1602243013760
28.875,-38.0,-14.875,1602243013772
28.8125,-38.0,-14.8125,1602243013781
28.8125,-37.9375,-14.875,1602243013791
29.0,-37.875,-14.6875,1602243013804
29.0,-37.875,-14.5625,1602243013811
29.0625,-37.9375,-14.625,1602243013822
29.0625,-38.0,-14.625,1602243013831
29.125,-38.0625,-14.4375,1602243013841
29.125,-38.0,-14.625,1602243013854
29.3125,-38.125,-14.8125,1602243013861
29.3125,-38.1875,-14.5625,1602243013873
29.375,-38.3125,-14.625,1602243013881
29.1875,-38.3125,-14.5625,1602243013891
