NaN,NaN,NaN,1602243004880
NaN,NaN,NaN,1602243004896
NaN,NaN,NaN,1602243004904
NaN,NaN,NaN,1602243004911
NaN,NaN,NaN,1602243004916
NaN,NaN,NaN,1602243004920
NaN,NaN,NaN,1602243004924
NaN,NaN,NaN,1602243004937
NaN,NaN,NaN,1602243004947
NaN,NaN,NaN,1602243004955
NaN,NaN,NaN,1602243004961
NaN,NaN,NaN,1602243004972
NaN,NaN,NaN,1602243004982
NaN,NaN,NaN,1602243005001
NaN,NaN,NaN,1602243005005
NaN,NaN,NaN,1602243005015
NaN,NaN,NaN,1602243005031
NaN,NaN,NaN,1602243005035
NaN,NaN,NaN,1602243005047
NaN,NaN,NaN,1602243005051
NaN,NaN,NaN,1602243005067
NaN,NaN,NaN,1602243005080
NaN,NaN,NaN,1602243005084
NaN,NaN,NaN,1602243005098
NaN,NaN,NaN,1602243005101
NaN,NaN,NaN,1602243005119
NaN,NaN,NaN,1602243005122
NaN,NaN,NaN,1602243005134
NaN,NaN,NaN,1602243005149
NaN,NaN,NaN,1602243005152
NaN,NaN,NaN,1602243005167
NaN,NaN,NaN,1602243005179
NaN,NaN,NaN,1602243005183
NaN,NaN,NaN,1602243005199
NaN,NaN,NaN,1602243005203
NaN,NaN,NaN,1602243005217
NaN,NaN,NaN,1602243005221
NaN,NaN,NaN,1602243005235
NaN,NaN,NaN,1602243005248
NaN,NaN,NaN,1602243005252
NaN,NaN,NaN,1602243005267
NaN,NaN,NaN,1602243005271
NaN,NaN,NaN,1602243005285
NaN,NaN,NaN,1602243005297
NaN,NaN,NaN,1602243005301
NaN,NaN,NaN,1602243005316
NaN,NaN,NaN,1602243005321
NaN,NaN,NaN,1602243005334
NaN,NaN,NaN,1602243005348
NaN,NaN,NaN,1602243005352
NaN,NaN,NaN,1602243005364
NaN,NaN,NaN,1602243005379
NaN,NaN,NaN,1602243005383
NaN,NaN,NaN,1602243005401
NaN,NaN,NaN,1602243005405
NaN,NaN,NaN,1602243005413
NaN,NaN,NaN,1602243005421
NaN,NaN,NaN,1602243005430
NaN,NaN,NaN,1602243005441
NaN,NaN,NaN,1602243005454
NaN,NaN,NaN,1602243005461
NaN,NaN,NaN,1602243005473
NaN,NaN,NaN,1602243005481
NaN,NaN,NaN,1602243005491
NaN,NaN,NaN,1602243005504
NaN,NaN,NaN,1602243005511
NaN,NaN,NaN,1602243005524
NaN,NaN,NaN,1602243005531
NaN,NaN,NaN,1602243005541
NaN,NaN,NaN,1602243005554
NaN,NaN,NaN,1602243005561
NaN,NaN,NaN,1602243005573
NaN,NaN,NaN,1602243005581
NaN,NaN,NaN,1602243005591
NaN,NaN,NaN,1602243005604
NaN,NaN,NaN,1602243005611
NaN,NaN,NaN,1602243005623
NaN,NaN,NaN,1602243005631
NaN,NaN,NaN,1602243005641
NaN,NaN,NaN,1602243005654
NaN,NaN,NaN,1602243005661
NaN,NaN,NaN,1602243005673
NaN,NaN,NaN,1602243005681
NaN,NaN,NaN,1602243005692
NaN,NaN,NaN,1602243005705
NaN,NaN,NaN,1602243005711
NaN,NaN,NaN,1602243005726
NaN,NaN,NaN,1602243005731
NaN,NaN,NaN,1602243005745
NaN,NaN,NaN,1602243005754
NaN,NaN,NaN,1602243005761
NaN,NaN,NaN,1602243005772
NaN,NaN,NaN,1602243005780
NaN,NaN,NaN,1602243005791
NaN,NaN,NaN,1602243005804
NaN,NaN,NaN,1602243005811
NaN,NaN,NaN,1602243005822
NaN,NaN,NaN,1602243005831
NaN,NaN,NaN,1602243005841
NaN,NaN,NaN,1602243005854
NaN,NaN,NaN,1602243005861
NaN,NaN,NaN,1602243005873
NaN,NaN,NaN,1602243005881
NaN,NaN,NaN,1602243005891
NaN,NaN,NaN,1602243005904
NaN,NaN,NaN,1602243005911
NaN,NaN,NaN,1602243005922
NaN,NaN,NaN,1602243005931
NaN,NaN,NaN,1602243005941
NaN,NaN,NaN,1602243005954
NaN,NaN,NaN,1602243005961
NaN,NaN,NaN,1602243005972
NaN,NaN,NaN,1602243005981
NaN,NaN,NaN,1602243005991
NaN,NaN,NaN,1602243006005
NaN,NaN,NaN,1602243006011
NaN,NaN,NaN,1602243006023
NaN,NaN,NaN,1602243006031
NaN,NaN,NaN,1602243006041
NaN,NaN,NaN,1602243006055
NaN,NaN,NaN,1602243006061
NaN,NaN,NaN,1602243006075
NaN,NaN,NaN,1602243006081
NaN,NaN,NaN,1602243006092
NaN,NaN,NaN,1602243006104
NaN,NaN,NaN,1602243006111
NaN,NaN,NaN,1602243006126
NaN,NaN,NaN,1602243006132
NaN,NaN,NaN,1602243006141
NaN,NaN,NaN,1602243006154
NaN,NaN,NaN,1602243006161
NaN,NaN,NaN,1602243006172
NaN,NaN,NaN,1602243006182
NaN,NaN,NaN,1602243006191
NaN,NaN,NaN,1602243006204
NaN,NaN,NaN,1602243006211
NaN,NaN,NaN,1602243006223
NaN,NaN,NaN,1602243006231
NaN,NaN,NaN,1602243006241
NaN,NaN,NaN,1602243006254
NaN,NaN,NaN,1602243006262
NaN,NaN,NaN,1602243006272
NaN,NaN,NaN,1602243006281
NaN,NaN,NaN,1602243006291
NaN,NaN,NaN,1602243006303
NaN,NaN,NaN,1602243006311
NaN,NaN,NaN,1602243006321
NaN,NaN,NaN,1602243006331
NaN,NaN,NaN,1602243006341
NaN,NaN,NaN,1602243006354
NaN,NaN,NaN,1602243006361
NaN,NaN,NaN,1602243006372
NaN,NaN,NaN,1602243006381
NaN,NaN,NaN,1602243006391
NaN,NaN,NaN,1602243006404
NaN,NaN,NaN,1602243006411
NaN,NaN,NaN,1602243006423
NaN,NaN,NaN,1602243006431
NaN,NaN,NaN,1602243006442
NaN,NaN,NaN,1602243006456
NaN,NaN,NaN,1602243006461
NaN,NaN,NaN,1602243006473
NaN,NaN,NaN,1602243006481
NaN,NaN,NaN,1602243006492
NaN,NaN,NaN,1602243006507
NaN,NaN,NaN,1602243006513
NaN,NaN,NaN,1602243006522
NaN,NaN,NaN,1602243006531
NaN,NaN,NaN,1602243006541
NaN,NaN,NaN,1602243006553
NaN,NaN,NaN,1602243006561
NaN,NaN,NaN,1602243006573
NaN,NaN,NaN,1602243006581
NaN,NaN,NaN,1602243006591
NaN,NaN,NaN,1602243006604
NaN,NaN,NaN,1602243006611
NaN,NaN,NaN,1602243006622
NaN,NaN,NaN,1602243006631
NaN,NaN,NaN,1602243006641
NaN,NaN,NaN,1602243006654
NaN,NaN,NaN,1602243006661
NaN,NaN,NaN,1602243006672
NaN,NaN,NaN,1602243006681
NaN,NaN,NaN,1602243006691
NaN,NaN,NaN,1602243006704
NaN,NaN,NaN,1602243006711
NaN,NaN,NaN,1602243006722
NaN,NaN,NaN,1602243006731
NaN,NaN,NaN,1602243006741
NaN,NaN,NaN,1602243006754
NaN,NaN,NaN,1602243006761
NaN,NaN,NaN,1602243006772
NaN,NaN,NaN,1602243006780
NaN,NaN,NaN,1602243006791
NaN,NaN,NaN,1602243006804
NaN,NaN,NaN,1602243006811
NaN,NaN,NaN,1602243006823
NaN,NaN,NaN,1602243006831
NaN,NaN,NaN,1602243006844
NaN,NaN,NaN,1602243006857
NaN,NaN,NaN,1602243006863
NaN,NaN,NaN,1602243006872
NaN,NaN,NaN,1602243006881
NaN,NaN,NaN,1602243006891
NaN,NaN,NaN,1602243006903
NaN,NaN,NaN,1602243006911
NaN,NaN,NaN,1602243006922
NaN,NaN,NaN,1602243006931
NaN,NaN,NaN,1602243006941
NaN,NaN,NaN,1602243006953
NaN,NaN,NaN,1602243006961
NaN,NaN,NaN,1602243006973
NaN,NaN,NaN,1602243006982
NaN,NaN,NaN,1602243006991
NaN,NaN,NaN,1602243007004
NaN,NaN,NaN,1602243007011
NaN,NaN,NaN,1602243007022
NaN,NaN,NaN,1602243007031
NaN,NaN,NaN,1602243007041
NaN,NaN,NaN,1602243007054
NaN,NaN,NaN,1602243007061
NaN,NaN,NaN,1602243007073
NaN,NaN,NaN,1602243007081
NaN,NaN,NaN,1602243007091
NaN,NaN,NaN,1602243007104
NaN,NaN,NaN,1602243007111
NaN,NaN,NaN,1602243007122
NaN,NaN,NaN,1602243007131
NaN,NaN,NaN,1602243007141
NaN,NaN,NaN,1602243007154
NaN,NaN,NaN,1602243007162
NaN,NaN,NaN,1602243007173
NaN,NaN,NaN,1602243007181
NaN,NaN,NaN,1602243007191
NaN,NaN,NaN,1602243007204
NaN,NaN,NaN,1602243007211
NaN,NaN,NaN,1602243007224
NaN,NaN,NaN,1602243007231
NaN,NaN,NaN,1602243007242
NaN,NaN,NaN,1602243007254
NaN,NaN,NaN,1602243007266
NaN,NaN,NaN,1602243007276
NaN,NaN,NaN,1602243007281
NaN,NaN,NaN,1602243007292
NaN,NaN,NaN,1602243007303
NaN,NaN,NaN,1602243007311
NaN,NaN,NaN,1602243007323
NaN,NaN,NaN,1602243007331
NaN,NaN,NaN,1602243007341
NaN,NaN,NaN,1602243007354
NaN,NaN,NaN,1602243007361
NaN,NaN,NaN,1602243007373
NaN,NaN,NaN,1602243007381
NaN,NaN,NaN,1602243007391
NaN,NaN,NaN,1602243007404
NaN,NaN,NaN,1602243007411
NaN,NaN,NaN,1602243007423
NaN,NaN,NaN,1602243007431
NaN,NaN,NaN,1602243007442
NaN,NaN,NaN,1602243007454
NaN,NaN,NaN,1602243007461
NaN,NaN,NaN,1602243007474
NaN,NaN,NaN,1602243007481
NaN,NaN,NaN,1602243007492
NaN,NaN,NaN,1602243007503
NaN,NaN,NaN,1602243007511
NaN,NaN,NaN,1602243007523
NaN,NaN,NaN,1602243007531
NaN,NaN,NaN,1602243007541
NaN,NaN,NaN,1602243007553
NaN,NaN,NaN,1602243007561
NaN,NaN,NaN,1602243007574
NaN,NaN,NaN,1602243007581
NaN,NaN,NaN,1602243007591
NaN,NaN,NaN,1602243007604
NaN,NaN,NaN,1602243007611
NaN,NaN,NaN,1602243007628
NaN,NaN,NaN,1602243007632
NaN,NaN,NaN,1602243007641
NaN,NaN,NaN,1602243007653
NaN,NaN,NaN,1602243007661
NaN,NaN,NaN,1602243007671
NaN,NaN,NaN,1602243007681
NaN,NaN,NaN,1602243007691
NaN,NaN,NaN,1602243007704
NaN,NaN,NaN,1602243007711
NaN,NaN,NaN,1602243007722
NaN,NaN,NaN,1602243007731
NaN,NaN,NaN,1602243007741
NaN,NaN,NaN,1602243007754
NaN,NaN,NaN,1602243007762
NaN,NaN,NaN,1602243007774
NaN,NaN,NaN,1602243007781
NaN,NaN,NaN,1602243007791
NaN,NaN,NaN,1602243007803
NaN,NaN,NaN,1602243007811
NaN,NaN,NaN,1602243007822
NaN,NaN,NaN,1602243007831
NaN,NaN,NaN,1602243007841
NaN,NaN,NaN,1602243007854
NaN,NaN,NaN,1602243007861
NaN,NaN,NaN,1602243007872
NaN,NaN,NaN,1602243007880
NaN,NaN,NaN,1602243007891
NaN,NaN,NaN,1602243007903
NaN,NaN,NaN,1602243007911
NaN,NaN,NaN,1602243007922
NaN,NaN,NaN,1602243007931
NaN,NaN,NaN,1602243007941
NaN,NaN,NaN,1602243007955
NaN,NaN,NaN,1602243007961
NaN,NaN,NaN,1602243007973
NaN,NaN,NaN,1602243007981
NaN,NaN,NaN,1602243007993
NaN,NaN,NaN,1602243008004
NaN,NaN,NaN,1602243008016
NaN,NaN,NaN,1602243008025
NaN,NaN,NaN,1602243008031
NaN,NaN,NaN,1602243008041
NaN,NaN,NaN,1602243008053
NaN,NaN,NaN,1602243008061
NaN,NaN,NaN,1602243008072
NaN,NaN,NaN,1602243008081
NaN,NaN,NaN,1602243008091
NaN,NaN,NaN,1602243008103
NaN,NaN,NaN,1602243008111
NaN,NaN,NaN,1602243008122
NaN,NaN,NaN,1602243008131
NaN,NaN,NaN,1602243008141
NaN,NaN,NaN,1602243008154
NaN,NaN,NaN,1602243008161
NaN,NaN,NaN,1602243008173
NaN,NaN,NaN,1602243008181
NaN,NaN,NaN,1602243008191
NaN,NaN,NaN,1602243008204
NaN,NaN,NaN,1602243008211
NaN,NaN,NaN,1602243008222
NaN,NaN,NaN,1602243008231
NaN,NaN,NaN,1602243008242
NaN,NaN,NaN,1602243008254
NaN,NaN,NaN,1602243008261
NaN,NaN,NaN,1602243008272
NaN,NaN,NaN,1602243008281
NaN,NaN,NaN,1602243008291
NaN,NaN,NaN,1602243008304
NaN,NaN,NaN,1602243008311
NaN,NaN,NaN,1602243008323
NaN,NaN,NaN,1602243008331
NaN,NaN,NaN,1602243008341
NaN,NaN,NaN,1602243008355
NaN,NaN,NaN,1602243008361
NaN,NaN,NaN,1602243008373
NaN,NaN,NaN,1602243008385
NaN,NaN,NaN,1602243008395
NaN,NaN,NaN,1602243008404
NaN,NaN,NaN,1602243008411
NaN,NaN,NaN,1602243008422
NaN,NaN,NaN,1602243008431
NaN,NaN,NaN,1602243008441
NaN,NaN,NaN,1602243008454
NaN,NaN,NaN,1602243008461
NaN,NaN,NaN,1602243008472
NaN,NaN,NaN,1602243008481
NaN,NaN,NaN,1602243008491
NaN,NaN,NaN,1602243008504
NaN,NaN,NaN,1602243008511
NaN,NaN,NaN,1602243008522
NaN,NaN,NaN,1602243008531
NaN,NaN,NaN,1602243008542
NaN,NaN,NaN,1602243008554
NaN,NaN,NaN,1602243008561
NaN,NaN,NaN,1602243008572
NaN,NaN,NaN,1602243008581
NaN,NaN,NaN,1602243008591
NaN,NaN,NaN,1602243008603
NaN,NaN,NaN,1602243008611
NaN,NaN,NaN,1602243008623
NaN,NaN,NaN,1602243008631
NaN,NaN,NaN,1602243008641
NaN,NaN,NaN,1602243008654
NaN,NaN,NaN,1602243008661
NaN,NaN,NaN,1602243008673
NaN,NaN,NaN,1602243008681
NaN,NaN,NaN,1602243008691
NaN,NaN,NaN,1602243008704
NaN,NaN,NaN,1602243008711
NaN,NaN,NaN,1602243008724
NaN,NaN,NaN,1602243008731
NaN,NaN,NaN,1602243008744
NaN,NaN,NaN,1602243008754
NaN,NaN,NaN,1602243008761
NaN,NaN,NaN,1602243008771
NaN,NaN,NaN,1602243008781
NaN,NaN,NaN,1602243008791
NaN,NaN,NaN,1602243008803
NaN,NaN,NaN,1602243008811
NaN,NaN,NaN,1602243008822
NaN,NaN,NaN,1602243008831
NaN,NaN,NaN,1602243008841
NaN,NaN,NaN,1602243008853
NaN,NaN,NaN,1602243008861
NaN,NaN,NaN,1602243008872
NaN,NaN,NaN,1602243008881
NaN,NaN,NaN,1602243008891
NaN,NaN,NaN,1602243008903
NaN,NaN,NaN,1602243008911
NaN,NaN,NaN,1602243008922
NaN,NaN,NaN,1602243008931
NaN,NaN,NaN,1602243008941
NaN,NaN,NaN,1602243008953
NaN,NaN,NaN,1602243008961
NaN,NaN,NaN,1602243008972
NaN,NaN,NaN,1602243008981
NaN,NaN,NaN,1602243008991
NaN,NaN,NaN,1602243009003
NaN,NaN,NaN,1602243009011
NaN,NaN,NaN,1602243009022
NaN,NaN,NaN,1602243009031
NaN,NaN,NaN,1602243009041
NaN,NaN,NaN,1602243009053
NaN,NaN,NaN,1602243009061
NaN,NaN,NaN,1602243009073
NaN,NaN,NaN,1602243009087
NaN,NaN,NaN,1602243009092
NaN,NaN,NaN,1602243009103
NaN,NaN,NaN,1602243009111
NaN,NaN,NaN,1602243009127
NaN,NaN,NaN,1602243009132
NaN,NaN,NaN,1602243009142
NaN,NaN,NaN,1602243009153
NaN,NaN,NaN,1602243009161
NaN,NaN,NaN,1602243009171
NaN,NaN,NaN,1602243009180
NaN,NaN,NaN,1602243009191
NaN,NaN,NaN,1602243009202
NaN,NaN,NaN,1602243009211
NaN,NaN,NaN,1602243009221
NaN,NaN,NaN,1602243009235
NaN,NaN,NaN,1602243009241
NaN,NaN,NaN,1602243009253
NaN,NaN,NaN,1602243009261
NaN,NaN,NaN,1602243009272
NaN,NaN,NaN,1602243009286
NaN,NaN,NaN,1602243009291
NaN,NaN,NaN,1602243009303
NaN,NaN,NaN,1602243009311
NaN,NaN,NaN,1602243009322
NaN,NaN,NaN,1602243009336
NaN,NaN,NaN,1602243009341
NaN,NaN,NaN,1602243009353
NaN,NaN,NaN,1602243009361
NaN,NaN,NaN,1602243009372
NaN,NaN,NaN,1602243009381
NaN,NaN,NaN,1602243009391
NaN,NaN,NaN,1602243009403
NaN,NaN,NaN,1602243009411
NaN,NaN,NaN,1602243009422
NaN,NaN,NaN,1602243009435
NaN,NaN,NaN,1602243009444
NaN,NaN,NaN,1602243009466
NaN,NaN,NaN,1602243009471
NaN,NaN,NaN,1602243009475
NaN,NaN,NaN,1602243009486
NaN,NaN,NaN,1602243009492
NaN,NaN,NaN,1602243009501
NaN,NaN,NaN,1602243009512
NaN,NaN,NaN,1602243009521
NaN,NaN,NaN,1602243009531
NaN,NaN,NaN,1602243009542
NaN,NaN,NaN,1602243009551
NaN,NaN,NaN,1602243009561
NaN,NaN,NaN,1602243009571
NaN,NaN,NaN,1602243009581
NaN,NaN,NaN,1602243009593
NaN,NaN,NaN,1602243009601
NaN,NaN,NaN,1602243009612
NaN,NaN,NaN,1602243009625
NaN,NaN,NaN,1602243009631
NaN,NaN,NaN,1602243009643
NaN,NaN,NaN,1602243009651
NaN,NaN,NaN,1602243009662
NaN,NaN,NaN,1602243009671
NaN,NaN,NaN,1602243009681
NaN,NaN,NaN,1602243009693
NaN,NaN,NaN,1602243009701
NaN,NaN,NaN,1602243009712
NaN,NaN,NaN,1602243009725
NaN,NaN,NaN,1602243009731
NaN,NaN,NaN,1602243009743
NaN,NaN,NaN,1602243009751
NaN,NaN,NaN,1602243009762
NaN,NaN,NaN,1602243009775
NaN,NaN,NaN,1602243009781
NaN,NaN,NaN,1602243009793
NaN,NaN,NaN,1602243009801
NaN,NaN,NaN,1602243009812
NaN,NaN,NaN,1602243009825
NaN,NaN,NaN,1602243009831
NaN,NaN,NaN,1602243009845
NaN,NaN,NaN,1602243009851
NaN,NaN,NaN,1602243009862
NaN,NaN,NaN,1602243009876
NaN,NaN,NaN,1602243009881
NaN,NaN,NaN,1602243009897
NaN,NaN,NaN,1602243009902
NaN,NaN,NaN,1602243009911
NaN,NaN,NaN,1602243009924
NaN,NaN,NaN,1602243009931
NaN,NaN,NaN,1602243009942
NaN,NaN,NaN,1602243009951
NaN,NaN,NaN,1602243009961
NaN,NaN,NaN,1602243009974
NaN,NaN,NaN,1602243009981
NaN,NaN,NaN,1602243009992
NaN,NaN,NaN,1602243010001
NaN,NaN,NaN,1602243010011
NaN,NaN,NaN,1602243010025
NaN,NaN,NaN,1602243010031
NaN,NaN,NaN,1602243010043
NaN,NaN,NaN,1602243010051
NaN,NaN,NaN,1602243010061
NaN,NaN,NaN,1602243010074
NaN,NaN,NaN,1602243010081
NaN,NaN,NaN,1602243010092
NaN,NaN,NaN,1602243010101
NaN,NaN,NaN,1602243010111
NaN,NaN,NaN,1602243010125
NaN,NaN,NaN,1602243010131
NaN,NaN,NaN,1602243010143
NaN,NaN,NaN,1602243010151
NaN,NaN,NaN,1602243010161
NaN,NaN,NaN,1602243010175
NaN,NaN,NaN,1602243010180
NaN,NaN,NaN,1602243010193
NaN,NaN,NaN,1602243010201
NaN,NaN,NaN,1602243010211
NaN,NaN,NaN,1602243010220
NaN,NaN,NaN,1602243010231
NaN,NaN,NaN,1602243010244
NaN,NaN,NaN,1602243010251
NaN,NaN,NaN,1602243010262
NaN,NaN,NaN,1602243010275
NaN,NaN,NaN,1602243010281
NaN,NaN,NaN,1602243010297
NaN,NaN,NaN,1602243010302
NaN,NaN,NaN,1602243010312
NaN,NaN,NaN,1602243010324
NaN,NaN,NaN,1602243010332
NaN,NaN,NaN,1602243010343
NaN,NaN,NaN,1602243010351
NaN,NaN,NaN,1602243010361
NaN,NaN,NaN,1602243010374
NaN,NaN,NaN,1602243010381
NaN,NaN,NaN,1602243010393
NaN,NaN,NaN,1602243010402
NaN,NaN,NaN,1602243010411
NaN,NaN,NaN,1602243010424
NaN,NaN,NaN,1602243010431
NaN,NaN,NaN,1602243010442
NaN,NaN,NaN,1602243010451
NaN,NaN,NaN,1602243010461
NaN,NaN,NaN,1602243010474
NaN,NaN,NaN,1602243010480
NaN,NaN,NaN,1602243010493
NaN,NaN,NaN,1602243010501
NaN,NaN,NaN,1602243010511
NaN,NaN,NaN,1602243010524
NaN,NaN,NaN,1602243010531
NaN,NaN,NaN,1602243010542
NaN,NaN,NaN,1602243010551
NaN,NaN,NaN,1602243010561
NaN,NaN,NaN,1602243010574
NaN,NaN,NaN,1602243010581
NaN,NaN,NaN,1602243010593
NaN,NaN,NaN,1602243010600
NaN,NaN,NaN,1602243010611
NaN,NaN,NaN,1602243010625
NaN,NaN,NaN,1602243010631
NaN,NaN,NaN,1602243010644
NaN,NaN,NaN,1602243010651
NaN,NaN,NaN,1602243010665
NaN,NaN,NaN,1602243010674
NaN,NaN,NaN,1602243010681
NaN,NaN,NaN,1602243010692
NaN,NaN,NaN,1602243010701
NaN,NaN,NaN,1602243010711
NaN,NaN,NaN,1602243010724
NaN,NaN,NaN,1602243010731
NaN,NaN,NaN,1602243010742
NaN,NaN,NaN,1602243010751
NaN,NaN,NaN,1602243010761
NaN,NaN,NaN,1602243010774
NaN,NaN,NaN,1602243010781
NaN,NaN,NaN,1602243010792
NaN,NaN,NaN,1602243010801
NaN,NaN,NaN,1602243010811
NaN,NaN,NaN,1602243010824
NaN,NaN,NaN,1602243010831
NaN,NaN,NaN,1602243010842
NaN,NaN,NaN,1602243010851
NaN,NaN,NaN,1602243010860
NaN,NaN,NaN,1602243010874
NaN,NaN,NaN,1602243010881
NaN,NaN,NaN,1602243010893
NaN,NaN,NaN,1602243010900
NaN,NaN,NaN,1602243010911
NaN,NaN,NaN,1602243010924
NaN,NaN,NaN,1602243010931
NaN,NaN,NaN,1602243010942
NaN,NaN,NaN,1602243010951
NaN,NaN,NaN,1602243010961
NaN,NaN,NaN,1602243010974
NaN,NaN,NaN,1602243010981
NaN,NaN,NaN,1602243010993
NaN,NaN,NaN,1602243011001
NaN,NaN,NaN,1602243011013
NaN,NaN,NaN,1602243011024
NaN,NaN,NaN,1602243011031
NaN,NaN,NaN,1602243011043
NaN,NaN,NaN,1602243011053
NaN,NaN,NaN,1602243011064
NaN,NaN,NaN,1602243011073
NaN,NaN,NaN,1602243011081
NaN,NaN,NaN,1602243011091
NaN,NaN,NaN,1602243011101
NaN,NaN,NaN,1602243011111
NaN,NaN,NaN,1602243011124
NaN,NaN,NaN,1602243011131
NaN,NaN,NaN,1602243011142
NaN,NaN,NaN,1602243011151
NaN,NaN,NaN,1602243011161
NaN,NaN,NaN,1602243011174
NaN,NaN,NaN,1602243011181
NaN,NaN,NaN,1602243011192
NaN,NaN,NaN,1602243011201
NaN,NaN,NaN,1602243011211
NaN,NaN,NaN,1602243011224
NaN,NaN,NaN,1602243011231
NaN,NaN,NaN,1602243011242
NaN,NaN,NaN,1602243011251
NaN,NaN,NaN,1602243011261
NaN,NaN,NaN,1602243011276
NaN,NaN,NaN,1602243011281
NaN,NaN,NaN,1602243011293
NaN,NaN,NaN,1602243011301
NaN,NaN,NaN,1602243011311
NaN,NaN,NaN,1602243011324
NaN,NaN,NaN,1602243011331
NaN,NaN,NaN,1602243011342
NaN,NaN,NaN,1602243011351
NaN,NaN,NaN,1602243011361
NaN,NaN,NaN,1602243011374
NaN,NaN,NaN,1602243011381
NaN,NaN,NaN,1602243011395
NaN,NaN,NaN,1602243011401
NaN,NaN,NaN,1602243011412
NaN,NaN,NaN,1602243011427
NaN,NaN,NaN,1602243011432
NaN,NaN,NaN,1602243011441
NaN,NaN,NaN,1602243011451
NaN,NaN,NaN,1602243011461
NaN,NaN,NaN,1602243011474
NaN,NaN,NaN,1602243011481
NaN,NaN,NaN,1602243011492
NaN,NaN,NaN,1602243011501
NaN,NaN,NaN,1602243011511
NaN,NaN,NaN,1602243011523
NaN,NaN,NaN,1602243011531
NaN,NaN,NaN,1602243011542
NaN,NaN,NaN,1602243011551
NaN,NaN,NaN,1602243011561
NaN,NaN,NaN,1602243011573
NaN,NaN,NaN,1602243011581
NaN,NaN,NaN,1602243011592
NaN,NaN,NaN,1602243011601
NaN,NaN,NaN,1602243011613
NaN,NaN,NaN,1602243011624
NaN,NaN,NaN,1602243011633
NaN,NaN,NaN,1602243011643
NaN,NaN,NaN,1602243011651
NaN,NaN,NaN,1602243011661
NaN,NaN,NaN,1602243011674
NaN,NaN,NaN,1602243011681
NaN,NaN,NaN,1602243011693
NaN,NaN,NaN,1602243011700
NaN,NaN,NaN,1602243011711
NaN,NaN,NaN,1602243011723
NaN,NaN,NaN,1602243011731
NaN,NaN,NaN,1602243011742
NaN,NaN,NaN,1602243011751
NaN,NaN,NaN,1602243011763
NaN,NaN,NaN,1602243011775
NaN,NaN,NaN,1602243011781
NaN,NaN,NaN,1602243011794
NaN,NaN,NaN,1602243011802
NaN,NaN,NaN,1602243011812
NaN,NaN,NaN,1602243011824
NaN,NaN,NaN,1602243011831
NaN,NaN,NaN,1602243011842
NaN,NaN,NaN,1602243011850
NaN,NaN,NaN,1602243011861
NaN,NaN,NaN,1602243011873
NaN,NaN,NaN,1602243011881
NaN,NaN,NaN,1602243011892
NaN,NaN,NaN,1602243011901
NaN,NaN,NaN,1602243011911
NaN,NaN,NaN,1602243011923
NaN,NaN,NaN,1602243011931
NaN,NaN,NaN,1602243011942
NaN,NaN,NaN,1602243011951
NaN,NaN,NaN,1602243011961
NaN,NaN,NaN,1602243011974
NaN,NaN,NaN,1602243011981
NaN,NaN,NaN,1602243011992
NaN,NaN,NaN,1602243012001
NaN,NaN,NaN,1602243012011
NaN,NaN,NaN,1602243012024
NaN,NaN,NaN,1602243012031
NaN,NaN,NaN,1602243012043
NaN,NaN,NaN,1602243012051
NaN,NaN,NaN,1602243012061
NaN,NaN,NaN,1602243012074
NaN,NaN,NaN,1602243012081
NaN,NaN,NaN,1602243012092
NaN,NaN,NaN,1602243012101
NaN,NaN,NaN,1602243012111
NaN,NaN,NaN,1602243012124
NaN,NaN,NaN,1602243012131
NaN,NaN,NaN,1602243012144
NaN,NaN,NaN,1602243012151
NaN,NaN,NaN,1602243012161
NaN,NaN,NaN,1602243012175
NaN,NaN,NaN,1602243012185
NaN,NaN,NaN,1602243012194
NaN,NaN,NaN,1602243012201
NaN,NaN,NaN,1602243012211
NaN,NaN,NaN,1602243012223
NaN,NaN,NaN,1602243012231
NaN,NaN,NaN,1602243012241
NaN,NaN,NaN,1602243012251
NaN,NaN,NaN,1602243012261
NaN,NaN,NaN,1602243012273
NaN,NaN,NaN,1602243012280
NaN,NaN,NaN,1602243012292
NaN,NaN,NaN,1602243012301
NaN,NaN,NaN,1602243012311
NaN,NaN,NaN,1602243012323
NaN,NaN,NaN,1602243012331
NaN,NaN,NaN,1602243012341
NaN,NaN,NaN,1602243012351
NaN,NaN,NaN,1602243012360
NaN,NaN,NaN,1602243012373
NaN,NaN,NaN,1602243012381
NaN,NaN,NaN,1602243012393
NaN,NaN,NaN,1602243012401
NaN,NaN,NaN,1602243012411
NaN,NaN,NaN,1602243012424
NaN,NaN,NaN,1602243012431
NaN,NaN,NaN,1602243012442
NaN,NaN,NaN,1602243012451
NaN,NaN,NaN,1602243012461
NaN,NaN,NaN,1602243012473
NaN,NaN,NaN,1602243012481
NaN,NaN,NaN,1602243012493
NaN,NaN,NaN,1602243012501
NaN,NaN,NaN,1602243012513
NaN,NaN,NaN,1602243012525
NaN,NaN,NaN,1602243012531
NaN,NaN,NaN,1602243012542
NaN,NaN,NaN,1602243012550
NaN,NaN,NaN,1602243012561
NaN,NaN,NaN,1602243012571
NaN,NaN,NaN,1602243012581
NaN,NaN,NaN,1602243012591
NaN,NaN,NaN,1602243012601
NaN,NaN,NaN,1602243012611
NaN,NaN,NaN,1602243012623
NaN,NaN,NaN,1602243012631
NaN,NaN,NaN,1602243012642
NaN,NaN,NaN,1602243012651
NaN,NaN,NaN,1602243012660
NaN,NaN,NaN,1602243012673
NaN,NaN,NaN,1602243012681
NaN,NaN,NaN,1602243012692
NaN,NaN,NaN,1602243012700
NaN,NaN,NaN,1602243012711
NaN,NaN,NaN,1602243012723
NaN,NaN,NaN,1602243012731
NaN,NaN,NaN,1602243012742
NaN,NaN,NaN,1602243012751
NaN,NaN,NaN,1602243012761
NaN,NaN,NaN,1602243012773
NaN,NaN,NaN,1602243012780
NaN,NaN,NaN,1602243012792
NaN,NaN,NaN,1602243012801
NaN,NaN,NaN,1602243012810
NaN,NaN,NaN,1602243012823
NaN,NaN,NaN,1602243012831
NaN,NaN,NaN,1602243012842
NaN,NaN,NaN,1602243012851
NaN,NaN,NaN,1602243012861
NaN,NaN,NaN,1602243012874
NaN,NaN,NaN,1602243012881
NaN,NaN,NaN,1602243012892
NaN,NaN,NaN,1602243012907
NaN,NaN,NaN,1602243012913
NaN,NaN,NaN,1602243012925
NaN,NaN,NaN,1602243012931
NaN,NaN,NaN,1602243012941
NaN,NaN,NaN,1602243012955
NaN,NaN,NaN,1602243012960
NaN,NaN,NaN,1602243012972
NaN,NaN,NaN,1602243012981
NaN,NaN,NaN,1602243012991
NaN,NaN,NaN,1602243013000
NaN,NaN,NaN,1602243013011
NaN,NaN,NaN,1602243013023
NaN,NaN,NaN,1602243013031
NaN,NaN,NaN,1602243013042
NaN,NaN,NaN,1602243013055
NaN,NaN,NaN,1602243013061
NaN,NaN,NaN,1602243013073
NaN,NaN,NaN,1602243013081
NaN,NaN,NaN,1602243013092
NaN,NaN,NaN,1602243013105
NaN,NaN,NaN,1602243013111
NaN,NaN,NaN,1602243013123
NaN,NaN,NaN,1602243013131
NaN,NaN,NaN,1602243013142
NaN,NaN,NaN,1602243013155
NaN,NaN,NaN,1602243013161
NaN,NaN,NaN,1602243013173
NaN,NaN,NaN,1602243013181
NaN,NaN,NaN,1602243013192
NaN,NaN,NaN,1602243013205
NaN,NaN,NaN,1602243013211
NaN,NaN,NaN,1602243013224
NaN,NaN,NaN,1602243013231
NaN,NaN,NaN,1602243013242
NaN,NaN,NaN,1602243013255
NaN,NaN,NaN,1602243013261
NaN,NaN,NaN,1602243013273
NaN,NaN,NaN,1602243013281
NaN,NaN,NaN,1602243013294
NaN,NaN,NaN,1602243013302
NaN,NaN,NaN,1602243013311
NaN,NaN,NaN,1602243013322
NaN,NaN,NaN,1602243013331
NaN,NaN,NaN,1602243013341
NaN,NaN,NaN,1602243013355
NaN,NaN,NaN,1602243013361
NaN,NaN,NaN,1602243013372
NaN,NaN,NaN,1602243013381
NaN,NaN,NaN,1602243013391
NaN,NaN,NaN,1602243013405
NaN,NaN,NaN,1602243013411
NaN,NaN,NaN,1602243013422
NaN,NaN,NaN,1602243013431
NaN,NaN,NaN,1602243013441
NaN,NaN,NaN,1602243013455
NaN,NaN,NaN,1602243013461
NaN,NaN,NaN,1602243013473
NaN,NaN,NaN,1602243013481
NaN,NaN,NaN,1602243013491
NaN,NaN,NaN,1602243013505
NaN,NaN,NaN,1602243013512
NaN,NaN,NaN,1602243013523
NaN,NaN,NaN,1602243013531
NaN,NaN,NaN,1602243013541
NaN,NaN,NaN,1602243013554
NaN,NaN,NaN,1602243013561
NaN,NaN,NaN,1602243013574
NaN,NaN,NaN,1602243013581
NaN,NaN,NaN,1602243013591
NaN,NaN,NaN,1602243013606
NaN,NaN,NaN,1602243013611
NaN,NaN,NaN,1602243013623
NaN,NaN,NaN,1602243013635
NaN,NaN,NaN,1602243013646
NaN,NaN,NaN,1602243013651
NaN,NaN,NaN,1602243013661
NaN,NaN,NaN,1602243013673
NaN,NaN,NaN,1602243013681
NaN,NaN,NaN,1602243013693
NaN,NaN,NaN,1602243013707
NaN,NaN,NaN,1602243013711
NaN,NaN,NaN,1602243013722
NaN,NaN,NaN,1602243013730
NaN,NaN,NaN,1602243013741
NaN,NaN,NaN,1602243013754
NaN,NaN,NaN,1602243013760
NaN,NaN,NaN,1602243013772
NaN,NaN,NaN,1602243013781
NaN,NaN,NaN,1602243013791
NaN,NaN,NaN,1602243013804
NaN,NaN,NaN,1602243013811
NaN,NaN,NaN,1602243013822
NaN,NaN,NaN,1602243013831
NaN,NaN,NaN,1602243013841
NaN,NaN,NaN,1602243013854
NaN,NaN,NaN,1602243013861
NaN,NaN,NaN,1602243013873
NaN,NaN,NaN,1602243013881
NaN,NaN,NaN,1602243013891
