243.87,0.63,1.18,1602243004898
244.33,0.61,0.89,1602243004909
244.48,0.45999998,0.07,1602243004913
244.68999,0.41,-0.04,1602243004917
244.87999,0.37,-0.04,1602243004921
245.09,0.34,0.04,1602243004927
245.31999,0.29,0.19999999,1602243004938
245.56,0.24,0.42,1602243004948
245.93999,0.19999999,0.88,1602243004956
246.26999,0.14999999,1.26,1602243004964
246.43,0.099999994,1.38,1602243004973
246.51,0.08,1.3399999,1602243004983
246.53,0.089999996,1.26,1602243005003
246.51,0.089999996,1.24,1602243005007
246.48,0.099999994,1.25,1602243005018
246.43999,0.089999996,1.29,1602243005034
246.40999,0.06,1.35,1602243005038
246.42,0.03,1.41,1602243005049
246.43,0.0,1.49,1602243005066
246.43,-0.04,1.55,1602243005069
246.42,-0.07,1.5899999,1602243005083
246.39,-0.11,1.62,1602243005086
246.34999,-0.13,1.63,1602243005100
246.29999,-0.14,1.63,1602243005117
246.26,-0.14,1.63,1602243005121
246.23,-0.13,1.66,1602243005132
246.2,-0.099999994,1.7099999,1602243005136
246.18,-0.07,1.77,1602243005151
246.15,-0.04,1.8,1602243005165
246.12,-0.02,1.8,1602243005168
246.08,-0.01,1.8,1602243005182
246.06,0.0,1.8199999,1602243005198
246.04999,0.01,1.86,1602243005202
246.04999,0.02,1.91,1602243005215
246.04999,0.049999997,1.9499999,1602243005220
246.06999,0.08,1.9799999,1602243005233
246.09,0.11,1.99,1602243005237
246.12,0.13,2.02,1602243005250
246.15999,0.14999999,2.08,1602243005265
246.22,0.16,2.1499999,1602243005269
246.26999,0.14,2.21,1602243005283
246.31,0.11,2.21,1602243005287
246.33,0.08,2.1699998,1602243005300
246.31999,0.049999997,2.1499999,1602243005315
246.31,0.03,2.1499999,1602243005319
246.29,0.02,2.18,1602243005332
246.29,0.02,2.24,1602243005347
246.29,0.02,2.3,1602243005350
246.29,0.03,2.35,1602243005363
246.29,0.02,2.3999999,1602243005366
246.29,0.02,2.45,1602243005381
246.29,0.02,2.51,1602243005400
246.29,0.01,2.56,1602243005404
246.29,0.01,2.6,1602243005407
246.29999,0.01,2.62,1602243005415
246.31,0.01,2.6399999,1602243005425
246.33,0.0,2.6699998,1602243005439
246.36,0.0,2.7,1602243005445
246.4,-0.01,2.73,1602243005457
246.43999,0.0,2.75,1602243005465
246.48,0.03,2.77,1602243005476
246.51999,0.11,2.79,1602243005489
246.54,0.21,2.83,1602243005495
246.54999,0.31,2.8999999,1602243005507
246.54999,0.41,3.0,1602243005516
246.56,0.47,3.11,1602243005526
246.58,0.52,3.21,1602243005540
246.62999,0.56,3.27,1602243005545
246.67,0.59,3.3,1602243005557
246.70999,0.61,3.29,1602243005566
246.73,0.63,3.25,1602243005575
246.72,0.64,3.21,1602243005589
246.7,0.65999997,3.1599998,1602243005596
246.65999,0.68,3.1299999,1602243005607
246.62,0.71,3.12,1602243005615
246.59999,0.72999996,3.12,1602243005625
246.58,0.75,3.1399999,1602243005639
246.56999,0.76,3.1599998,1602243005645
246.56999,0.74,3.1699998,1602243005657
246.56999,0.71,3.1599998,1602243005665
246.56,0.65999997,3.1399999,1602243005676
246.54,0.62,3.11,1602243005690
246.53,0.59,3.09,1602243005696
246.51,0.58,3.09,1602243005709
246.5,0.56,3.1,1602243005724
246.48999,0.53999996,3.12,1602243005729
246.47,0.52,3.1299999,1602243005737
246.45999,0.48,3.12,1602243005748
246.45999,0.45,3.1,1602243005757
246.45999,0.42,3.08,1602243005766
246.45,0.41,3.06,1602243005775
246.45,0.39999998,3.05,1602243005789
246.43999,0.39999998,3.05,1602243005795
246.43,0.39999998,3.05,1602243005806
246.42,0.39999998,3.05,1602243005815
246.40999,0.39,3.06,1602243005825
246.4,0.38,3.06,1602243005839
246.39,0.37,3.07,1602243005846
246.37999,0.35999998,3.06,1602243005856
246.37,0.35999998,3.05,1602243005866
246.34999,0.35999998,3.03,1602243005876
246.33,0.35999998,3.01,1602243005889
246.31999,0.37,2.99,1602243005895
246.31999,0.37,2.99,1602243005907
246.31999,0.38,2.99,1602243005915
246.31999,0.38,3.0,1602243005925
246.31999,0.39,3.0,1602243005939
246.31,0.39,3.0,1602243005945
246.31,0.39999998,2.99,1602243005957
246.29999,0.39999998,2.99,1602243005965
246.29999,0.39999998,2.98,1602243005975
246.29,0.39,2.97,1602243005989
246.26999,0.38,2.96,1602243005996
246.25,0.35999998,2.9299998,1602243006007
246.23999,0.34,2.9099998,1602243006016
246.23999,0.34,2.8899999,1602243006025
246.25,0.34,2.8799999,1602243006040
246.25,0.35,2.8899999,1602243006046
246.23999,0.35999998,2.8999999,1602243006059
246.23999,0.37,2.9099998,1602243006066
246.23,0.35999998,2.8999999,1602243006078
246.22,0.35,2.8799999,1602243006090
246.22,0.32999998,2.84,1602243006096
246.20999,0.31,2.82,1602243006108
246.20999,0.29999998,2.81,1602243006115
246.20999,0.29,2.81,1602243006128
246.22,0.29,2.82,1602243006139
246.22,0.29999998,2.81,1602243006146
246.22,0.31,2.79,1602243006157
246.22,0.32,2.76,1602243006165
246.23,0.32999998,2.74,1602243006175
246.23,0.32999998,2.73,1602243006189
246.23,0.32999998,2.72,1602243006195
246.23999,0.34,2.72,1602243006207
246.25,0.35,2.72,1602243006220
246.25,0.35999998,2.71,1602243006227
246.25,0.37,2.7,1602243006240
246.25,0.39,2.71,1602243006245
246.25,0.39999998,2.71,1602243006257
246.26,0.39999998,2.71,1602243006265
246.28,0.41,2.71,1602243006275
246.29,0.42,2.71,1602243006289
246.29,0.42999998,2.7,1602243006296
246.29,0.44,2.7,1602243006306
246.29999,0.45,2.71,1602243006315
246.29999,0.44,2.73,1602243006325
246.31999,0.42,2.73,1602243006339
246.34,0.39,2.73,1602243006345
246.36,0.35,2.7,1602243006356
246.37,0.32,2.6699998,1602243006365
246.39,0.29999998,2.6399999,1602243006375
246.4,0.29,2.62,1602243006389
246.40999,0.29999998,2.6,1602243006396
246.42,0.32,2.6,1602243006406
246.43,0.35999998,2.6,1602243006415
246.43999,0.39999998,2.61,1602243006425
246.45,0.42,2.62,1602243006441
246.45999,0.42999998,2.6399999,1602243006446
246.45999,0.42,2.6499999,1602243006459
246.47,0.39999998,2.6499999,1602243006466
246.47,0.38,2.6299999,1602243006476
246.48,0.37,2.61,1602243006490
246.48,0.38,2.59,1602243006497
246.48999,0.39999998,2.57,1602243006511
246.48,0.42,2.58,1602243006516
246.48,0.45,2.59,1602243006525
246.48,0.45,2.6,1602243006538
246.48,0.44,2.61,1602243006545
246.47,0.42,2.6,1602243006556
246.47,0.39,2.6,1602243006571
246.45999,0.38,2.6,1602243006578
246.45999,0.37,2.61,1602243006590
246.45,0.35999998,2.62,1602243006596
246.43999,0.35,2.62,1602243006607
246.43,0.35,2.62,1602243006615
246.40999,0.32999998,2.6,1602243006625
246.4,0.32,2.6,1602243006639
246.37999,0.29999998,2.6,1602243006646
246.36,0.28,2.61,1602243006657
246.34999,0.25,2.6399999,1602243006665
246.33,0.22,2.6699998,1602243006676
246.33,0.17999999,2.7,1602243006689
246.33,0.14999999,2.73,1602243006695
246.34,0.12,2.75,1602243006707
246.34999,0.11,2.76,1602243006716
246.34999,0.11,2.76,1602243006727
246.34999,0.12,2.75,1602243006739
246.36,0.14999999,2.74,1602243006746
246.37,0.19,2.73,1602243006757
246.37,0.22999999,2.72,1602243006765
246.37,0.26999998,2.72,1602243006777
246.36,0.29999998,2.72,1602243006789
246.34,0.31,2.72,1602243006796
246.31999,0.32999998,2.71,1602243006807
246.29999,0.32999998,2.71,1602243006815
246.29999,0.34,2.71,1602243006828
246.29,0.35,2.72,1602243006842
246.29,0.35,2.74,1602243006847
246.28,0.35999998,2.77,1602243006861
246.26999,0.35999998,2.78,1602243006866
246.26,0.35,2.78,1602243006876
246.26999,0.34,2.77,1602243006888
246.26999,0.34,2.75,1602243006895
246.28,0.32999998,2.74,1602243006905
246.26999,0.31,2.75,1602243006920
246.26999,0.29999998,2.76,1602243006925
246.26,0.29,2.77,1602243006939
246.25,0.29,2.78,1602243006946
246.23999,0.28,2.78,1602243006956
246.23,0.28,2.79,1602243006965
246.20999,0.28,2.79,1602243006977
246.18999,0.26999998,2.81,1602243006990
246.18,0.26999998,2.82,1602243006996
246.17,0.26999998,2.83,1602243007007
246.17,0.28,2.84,1602243007015
246.17,0.29999998,2.83,1602243007025
246.15999,0.32,2.83,1602243007039
246.15,0.32999998,2.84,1602243007045
246.12999,0.34,2.86,1602243007057
246.12,0.34,2.87,1602243007065
246.12,0.34,2.8799999,1602243007076
246.12999,0.35,2.8899999,1602243007089
246.12999,0.35999998,2.8899999,1602243007095
246.14,0.37,2.8799999,1602243007107
246.12999,0.37,2.8799999,1602243007115
246.12,0.35999998,2.8899999,1602243007125
246.09999,0.35,2.8999999,1602243007139
246.09,0.32999998,2.9099998,1602243007146
246.06999,0.31,2.9199998,1602243007157
246.06,0.29999998,2.9399998,1602243007166
246.06,0.29,2.95,1602243007176
246.06,0.28,2.96,1602243007189
246.06,0.26999998,2.95,1602243007196
246.06,0.26999998,2.96,1602243007207
246.06999,0.26999998,2.97,1602243007216
246.06999,0.26,3.0,1602243007226
246.08,0.26,3.02,1602243007240
246.08,0.25,3.03,1602243007246
246.09,0.22999999,3.02,1602243007264
246.11,0.19,3.0,1602243007268
246.12,0.14999999,2.98,1602243007279
246.12999,0.12,2.96,1602243007289
246.14,0.099999994,2.95,1602243007296
246.15,0.099999994,2.95,1602243007307
246.15,0.12,2.96,1602243007321
246.15,0.14999999,2.95,1602243007326
246.12999,0.17,2.9399998,1602243007339
246.11,0.19,2.9299998,1602243007345
246.06999,0.21,2.9199998,1602243007357
246.03,0.21,2.9199998,1602243007370
246.0,0.21,2.9399998,1602243007376
245.98,0.19999999,2.96,1602243007389
245.98,0.19,2.98,1602243007396
245.98999,0.17999999,2.99,1602243007407
245.98999,0.16,2.99,1602243007422
246.0,0.14999999,2.99,1602243007426
246.01,0.14,2.99,1602243007440
246.01999,0.13,2.98,1602243007446
246.03,0.12,2.98,1602243007457
246.04,0.11,2.96,1602243007466
246.04999,0.11,2.9399998,1602243007477
246.06999,0.099999994,2.9299998,1602243007490
246.09,0.099999994,2.9299998,1602243007495
246.09999,0.099999994,2.95,1602243007506
246.12,0.099999994,2.97,1602243007521
246.12999,0.089999996,2.99,1602243007526
246.12999,0.089999996,2.99,1602243007538
246.14,0.07,2.99,1602243007545
246.14,0.06,2.98,1602243007556
246.14,0.049999997,2.98,1602243007565
246.15,0.049999997,2.98,1602243007576
246.15,0.049999997,2.98,1602243007589
246.15,0.049999997,2.97,1602243007596
246.15,0.04,2.96,1602243007606
246.15,0.04,2.96,1602243007620
246.15,0.049999997,2.96,1602243007631
246.15,0.049999997,2.97,1602243007640
246.15999,0.06,2.97,1602243007646
246.17,0.07,2.97,1602243007659
246.18,0.07,2.96,1602243007665
246.18999,0.06,2.96,1602243007675
246.2,0.049999997,2.96,1602243007688
246.2,0.04,2.96,1602243007697
246.20999,0.02,2.96,1602243007706
246.22,0.01,2.95,1602243007720
246.23,0.0,2.9399998,1602243007727
246.22,-0.01,2.9399998,1602243007739
246.22,-0.01,2.95,1602243007745
246.22,-0.01,2.96,1602243007757
246.22,0.0,2.98,1602243007771
246.22,0.02,2.99,1602243007776
246.20999,0.03,2.99,1602243007789
246.20999,0.03,2.98,1602243007795
246.20999,0.03,2.98,1602243007807
246.22,0.03,2.98,1602243007820
246.23999,0.03,2.99,1602243007825
246.26,0.03,3.0,1602243007838
246.28,0.03,3.0,1602243007845
246.29,0.04,3.01,1602243007857
246.31,0.04,3.01,1602243007870
246.31999,0.04,3.01,1602243007875
246.33,0.049999997,3.02,1602243007887
246.34,0.06,3.02,1602243007895
246.34999,0.07,3.03,1602243007905
246.36,0.08,3.04,1602243007920
246.37,0.089999996,3.05,1602243007925
246.37,0.089999996,3.06,1602243007938
246.37,0.089999996,3.08,1602243007945
246.36,0.099999994,3.1,1602243007958
246.36,0.11,3.12,1602243007971
246.36,0.13,3.1399999,1602243007975
246.37,0.16,3.1499999,1602243007991
246.39,0.17,3.1599998,1602243007995
246.40999,0.17,3.1599998,1602243008012
246.43999,0.14999999,3.1599998,1602243008019
246.47,0.13,3.1599998,1602243008028
246.48999,0.099999994,3.1599998,1602243008038
246.51,0.089999996,3.1699998,1602243008045
246.51999,0.08,3.1799998,1602243008056
246.54,0.08,3.1799998,1602243008070
246.54999,0.089999996,3.1799998,1602243008075
246.56,0.11,3.1799998,1602243008087
246.56999,0.13,3.1899998,1602243008095
246.56,0.14999999,3.1899998,1602243008105
246.56,0.17999999,3.1999998,1602243008115
246.58,0.21,3.21,1602243008125
246.59,0.22,3.21,1602243008139
246.62,0.24,3.21,1602243008145
246.64,0.24,3.1999998,1602243008157
246.65999,0.22999999,3.1999998,1602243008170
246.67,0.22,3.1999998,1602243008175
246.68,0.21,3.21,1602243008189
246.68,0.19999999,3.21,1602243008195
246.68,0.19,3.21,1602243008207
246.68,0.19,3.21,1602243008220
246.68,0.19999999,3.22,1602243008225
246.68999,0.19999999,3.22,1602243008239
246.68999,0.19,3.22,1602243008246
246.7,0.17,3.21,1602243008257
246.7,0.14999999,3.1999998,1602243008265
246.68999,0.13,3.1999998,1602243008276
246.68,0.11,3.1999998,1602243008289
246.67,0.099999994,3.21,1602243008296
246.65,0.089999996,3.22,1602243008307
246.64,0.089999996,3.23,1602243008321
246.62999,0.089999996,3.24,1602243008326
246.62,0.089999996,3.24,1602243008339
246.61,0.089999996,3.24,1602243008346
246.59,0.089999996,3.24,1602243008358
246.58,0.08,3.24,1602243008370
246.56999,0.08,3.25,1602243008380
246.56,0.07,3.24,1602243008387
246.54999,0.06,3.24,1602243008398
246.54999,0.049999997,3.24,1602243008407
246.54999,0.049999997,3.24,1602243008416
246.54999,0.049999997,3.24,1602243008428
246.56,0.049999997,3.25,1602243008438
246.56,0.049999997,3.25,1602243008445
246.56,0.04,3.26,1602243008457
246.56,0.03,3.26,1602243008470
246.54999,0.01,3.26,1602243008476
246.54,0.0,3.26,1602243008488
246.54,0.0,3.25,1602243008495
246.53,0.0,3.25,1602243008507
246.53,0.0,3.25,1602243008520
246.53,0.0,3.25,1602243008525
246.53,0.0,3.26,1602243008539
246.53,-0.01,3.26,1602243008546
246.53,-0.02,3.27,1602243008557
246.53,-0.03,3.28,1602243008570
246.51999,-0.04,3.29,1602243008576
246.51999,-0.049999997,3.29,1602243008589
246.51999,-0.06,3.28,1602243008596
246.51999,-0.08,3.26,1602243008606
246.53,-0.099999994,3.25,1602243008615
246.54,-0.11,3.23,1602243008625
246.54999,-0.13,3.21,1602243008638
246.56,-0.13,3.21,1602243008645
246.58,-0.12,3.22,1602243008657
246.59,-0.12,3.24,1602243008671
246.61,-0.12,3.26,1602243008676
246.61,-0.13,3.27,1602243008689
246.62,-0.14999999,3.27,1602243008695
246.62,-0.16,3.26,1602243008707
246.62999,-0.16,3.26,1602243008716
246.64,-0.14999999,3.27,1602243008727
246.64,-0.13,3.28,1602243008742
246.62999,-0.099999994,3.3,1602243008747
246.62,-0.07,3.31,1602243008757
246.59999,-0.049999997,3.32,1602243008770
246.59,-0.049999997,3.33,1602243008775
246.58,-0.06,3.33,1602243008788
246.58,-0.07,3.32,1602243008795
246.58,-0.08,3.31,1602243008805
246.58,-0.08,3.31,1602243008820
246.59,-0.07,3.3,1602243008825
246.59,-0.06,3.3,1602243008838
246.59,-0.06,3.31,1602243008845
246.59,-0.06,3.31,1602243008857
246.58,-0.06,3.31,1602243008871
246.58,-0.06,3.31,1602243008875
246.56999,-0.06,3.32,1602243008888
246.56999,-0.06,3.32,1602243008896
246.56999,-0.06,3.33,1602243008906
246.56999,-0.06,3.32,1602243008915
246.56,-0.06,3.31,1602243008925
246.56,-0.06,3.3,1602243008939
246.54999,-0.049999997,3.3,1602243008946
246.54999,-0.04,3.31,1602243008956
246.56,-0.02,3.32,1602243008970
246.58,-0.01,3.33,1602243008975
246.59,-0.01,3.32,1602243008988
246.59999,0.0,3.3,1602243008995
246.59,0.0,3.29,1602243009006
246.58,0.0,3.29,1602243009020
246.58,0.0,3.3,1602243009025
246.59,0.01,3.31,1602243009038
246.61,0.02,3.33,1602243009046
246.62999,0.02,3.32,1602243009056
246.65999,0.02,3.31,1602243009071
246.67,0.01,3.29,1602243009076
246.67,0.0,3.28,1602243009090
246.67,0.0,3.28,1602243009096
246.67,-0.01,3.28,1602243009108
246.67,0.0,3.28,1602243009126
246.65999,0.0,3.27,1602243009130
246.65999,-0.01,3.25,1602243009140
246.62999,-0.02,3.1999998,1602243009146
246.59,-0.02,3.1,1602243009155
246.54,-0.02,2.95,1602243009169
246.48,-0.06,2.73,1602243009175
246.42,-0.17,2.46,1602243009188
246.39,-0.39999998,2.1699998,1602243009195
246.4,-0.81,1.86,1602243009206
246.43999,-1.24,1.5999999,1602243009220
246.51999,-1.81,1.3,1602243009225
246.61,-2.4199998,0.98999995,1602243009238
246.68999,-2.99,0.71999997,1602243009245
246.76,-3.4299998,0.53999996,1602243009256
246.83,-3.76,0.55,1602243009270
246.9,-4.0499997,0.74,1602243009275
246.98999,-4.45,1.06,1602243009288
247.06999,-4.87,1.3199999,1602243009295
247.17,-5.5099998,1.53,1602243009306
247.31,-6.43,1.61,1602243009320
247.47,-7.6699996,1.52,1602243009325
247.62,-9.22,1.26,1602243009339
247.70999,-10.99,0.84999996,1602243009345
247.73,-12.849999,0.42,1602243009356
247.7,-14.86,0.08,1602243009370
247.67,-16.39,0.0,1602243009375
247.7,-17.98,0.17,1602243009388
247.78,-19.51,0.53,1602243009395
247.87,-21.01,0.91999996,1602243009406
247.87999,-22.5,1.14,1602243009420
247.78,-23.949999,1.12,1602243009426
247.58,-25.289999,0.89,1602243009438
247.34999,-26.47,0.65,1602243009463
247.2,-27.48,0.62,1602243009469
247.15,-28.38,0.9,1602243009473
247.15999,-29.199999,1.42,1602243009478
247.20999,-29.99,2.1299999,1602243009489
247.29,-30.859999,2.87,1602243009495
247.34,-31.849998,3.49,1602243009510
247.34,-32.92,3.9199998,1602243009519
247.26999,-34.059998,4.19,1602243009527
247.15999,-35.2,4.38,1602243009535
247.0,-36.36,4.54,1602243009545
246.79999,-37.52,4.7,1602243009560
246.56999,-38.61,4.8599997,1602243009566
246.34,-39.59,5.04,1602243009578
246.12999,-40.42,5.23,1602243009585
245.97,-41.12,5.43,1602243009596
245.84,-41.68,5.58,1602243009610
245.72,-42.059998,5.64,1602243009616
245.65,-42.29,5.5899997,1602243009628
245.65,-42.39,5.48,1602243009636
245.70999,-42.44,5.3399997,1602243009646
245.83,-42.51,5.2,1602243009660
246.01,-42.629997,5.0899997,1602243009665
246.25,-42.82,5.02,1602243009678
246.48,-43.05,4.98,1602243009685
246.67,-43.28,4.93,1602243009696
246.79,-43.46,4.85,1602243009710
246.86,-43.59,4.73,1602243009716
246.89,-43.62,4.62,1602243009728
246.95,-43.59,4.5099998,1602243009735
247.04999,-43.51,4.41,1602243009746
247.18999,-43.37,4.33,1602243009760
247.36,-43.219997,4.25,1602243009765
247.54,-43.079998,4.18,1602243009778
247.70999,-42.989998,4.12,1602243009785
247.87,-42.95,4.08,1602243009796
247.98999,-42.969997,4.04,1602243009811
248.06999,-43.01,4.0099998,1602243009816
248.12,-43.03,3.9599998,1602243009828
248.15,-43.02,3.9099998,1602243009836
248.18999,-42.96,3.86,1602243009847
248.25,-42.89,3.84,1602243009860
248.34,-42.809998,3.84,1602243009866
248.43999,-42.77,3.86,1602243009879
248.51999,-42.79,3.8799999,1602243009885
248.58,-42.86,3.8999999,1602243009900
248.62,-42.96,3.9099998,1602243009910
248.64,-43.059998,3.9099998,1602243009916
248.65999,-43.17,3.9199998,1602243009927
248.65999,-43.27,3.9399998,1602243009935
248.65,-43.37,3.9599998,1602243009945
248.65,-43.489998,3.98,1602243009959
248.65,-43.629997,3.99,1602243009966
248.65,-43.79,3.98,1602243009977
248.65999,-43.94,3.97,1602243009985
248.7,-44.1,3.9599998,1602243009995
248.76,-44.28,3.9499998,1602243010009
248.81999,-44.43,3.9299998,1602243010015
248.87999,-44.579998,3.8899999,1602243010028
248.95,-44.71,3.84,1602243010035
249.01,-44.829998,3.8,1602243010046
249.06999,-44.92,3.77,1602243010059
249.12,-45.03,3.75,1602243010066
249.14,-45.129997,3.74,1602243010077
249.12999,-45.25,3.7099998,1602243010086
249.12,-45.35,3.6899998,1602243010098
249.09999,-45.5,3.6799998,1602243010109
249.09,-45.68,3.6799998,1602243010116
249.06,-45.899998,3.6799998,1602243010128
249.03,-46.11,3.6899998,1602243010136
249.0,-46.309998,3.7099998,1602243010145
248.97,-46.469997,3.73,1602243010160
248.95,-46.57,3.76,1602243010166
248.93999,-46.64,3.8,1602243010178
248.93,-46.69,3.83,1602243010186
248.90999,-46.76,3.84,1602243010196
248.87999,-46.87,3.83,1602243010210
248.83,-47.05,3.8,1602243010216
248.73999,-47.289997,3.76,1602243010228
248.62,-47.61,3.6999998,1602243010236
248.5,-47.989998,3.6399999,1602243010246
248.40999,-48.329998,3.59,1602243010260
248.40999,-48.61,3.57,1602243010266
248.47,-48.789997,3.57,1602243010279
248.56,-48.85,3.59,1602243010286
248.65999,-48.84,3.61,1602243010300
248.73,-48.789997,3.6399999,1602243010310
248.76,-48.739998,3.6599998,1602243010316
248.75,-48.75,3.6899998,1602243010327
248.68,-48.829998,3.6999998,1602243010337
248.54999,-48.989998,3.6999998,1602243010346
248.36,-49.19,3.6799998,1602243010360
248.15,-49.41,3.6599998,1602243010365
247.98,-49.62,3.6599998,1602243010378
247.87999,-49.8,3.6899998,1602243010386
247.84999,-49.93,3.74,1602243010400
247.9,-50.0,3.81,1602243010409
248.01,-50.01,3.8999999,1602243010417
248.12999,-49.98,3.9499998,1602243010427
248.25,-49.95,3.98,1602243010435
248.34999,-49.98,3.98,1602243010445
248.4,-50.059998,3.97,1602243010459
248.40999,-50.18,3.9599998,1602243010466
248.39,-50.32,3.9499998,1602243010477
248.36,-50.46,3.9499998,1602243010486
248.34,-50.57,3.9599998,1602243010496
248.34999,-50.66,3.99,1602243010509
248.39,-50.71,4.0099998,1602243010516
248.47,-50.739998,4.0299997,1602243010527
248.56999,-50.75,4.04,1602243010536
248.68999,-50.739998,4.06,1602243010546
248.79999,-50.719997,4.08,1602243010559
248.90999,-50.739998,4.1,1602243010565
248.98999,-50.8,4.11,1602243010577
249.03,-50.899998,4.1,1602243010585
249.04,-51.039997,4.1,1602243010596
249.01999,-51.18,4.1,1602243010609
249.01,-51.3,4.1,1602243010616
249.01,-51.399998,4.1,1602243010629
249.03,-51.46,4.1,1602243010636
249.06,-51.48,4.08,1602243010647
249.08,-51.469997,4.06,1602243010664
249.09999,-51.44,4.0299997,1602243010668
249.12,-51.41,4.0,1602243010677
249.12,-51.41,3.9599998,1602243010686
249.12999,-51.42,3.9199998,1602243010696
249.12999,-51.44,3.8799999,1602243010709
249.14,-51.48,3.82,1602243010715
249.14,-51.53,3.77,1602243010726
249.14,-51.579998,3.73,1602243010736
249.15999,-51.64,3.6899998,1602243010745
249.15999,-51.699997,3.6499999,1602243010759
249.15999,-51.77,3.61,1602243010766
249.14,-51.829998,3.58,1602243010776
249.12999,-51.89,3.55,1602243010785
249.14,-51.92,3.55,1602243010795
249.18,-51.94,3.57,1602243010809
249.22,-51.94,3.59,1602243010815
249.26,-51.91,3.6,1602243010826
249.26999,-51.89,3.61,1602243010835
249.26999,-51.879997,3.61,1602243010846
249.25,-51.879997,3.6299999,1602243010859
249.23,-51.899998,3.6499999,1602243010866
249.18999,-51.93,3.6599998,1602243010877
249.14,-51.94,3.6799998,1602243010886
249.09999,-51.949997,3.6999998,1602243010896
249.06999,-51.969997,3.73,1602243010909
249.06,-52.01,3.76,1602243010916
249.04999,-52.05,3.8,1602243010927
249.06,-52.1,3.83,1602243010935
249.06999,-52.149998,3.84,1602243010945
249.06999,-52.199997,3.84,1602243010960
249.08,-52.23,3.83,1602243010966
249.09999,-52.25,3.83,1602243010977
249.12,-52.25,3.83,1602243010985
249.14,-52.239998,3.84,1602243010996
249.15999,-52.21,3.84,1602243011011
249.18,-52.17,3.85,1602243011016
249.2,-52.129997,3.84,1602243011028
249.22,-52.12,3.83,1602243011036
249.23999,-52.129997,3.81,1602243011045
249.25,-52.17,3.77,1602243011056
249.26,-52.23,3.73,1602243011066
249.26,-52.3,3.6799998,1602243011076
249.25,-52.35,3.6399999,1602243011085
249.23999,-52.39,3.61,1602243011095
249.22,-52.41,3.59,1602243011109
249.2,-52.44,3.57,1602243011116
249.18,-52.469997,3.55,1602243011127
249.15,-52.489998,3.53,1602243011135
249.14,-52.51,3.52,1602243011146
249.14,-52.52,3.5,1602243011159
249.15999,-52.52,3.48,1602243011165
249.18,-52.53,3.47,1602243011177
249.18999,-52.539997,3.4499998,1602243011185
249.18999,-52.539997,3.4399998,1602243011196
249.17,-52.539997,3.4299998,1602243011209
249.14,-52.53,3.4299998,1602243011216
249.12999,-52.53,3.4399998,1602243011227
249.11,-52.53,3.46,1602243011235
249.09999,-52.53,3.47,1602243011245
249.09,-52.53,3.47,1602243011259
249.08,-52.52,3.46,1602243011266
249.06999,-52.5,3.4499998,1602243011278
249.06,-52.469997,3.4399998,1602243011285
249.06,-52.449997,3.4399998,1602243011296
249.06,-52.43,3.4399998,1602243011309
249.08,-52.42,3.46,1602243011316
249.09,-52.44,3.47,1602243011327
249.09,-52.469997,3.47,1602243011340
249.08,-52.5,3.46,1602243011346
249.06999,-52.51,3.4499998,1602243011359
249.06,-52.5,3.4299998,1602243011365
249.06999,-52.48,3.4199998,1602243011377
249.09999,-52.46,3.4199998,1602243011386
249.14,-52.44,3.4199998,1602243011398
249.17,-52.43,3.4199998,1602243011410
249.2,-52.42,3.4099998,1602243011426
249.20999,-52.43,3.3899999,1602243011430
249.20999,-52.44,3.37,1602243011440
249.22,-52.449997,3.36,1602243011445
249.23999,-52.469997,3.35,1602243011459
249.25,-52.489998,3.35,1602243011466
249.25,-52.489998,3.37,1602243011477
249.25,-52.5,3.3799999,1602243011490
249.23999,-52.5,3.3999999,1602243011496
249.23,-52.51,3.4099998,1602243011509
249.23,-52.51,3.4099998,1602243011517
249.23,-52.52,3.4199998,1602243011526
249.23,-52.52,3.4299998,1602243011540
249.23,-52.52,3.4299998,1602243011545
249.23,-52.51,3.4299998,1602243011559
249.23,-52.489998,3.4199998,1602243011566
249.23,-52.48,3.4099998,1602243011577
249.23999,-52.469997,3.3999999,1602243011590
249.26,-52.469997,3.3999999,1602243011596
249.28,-52.48,3.3899999,1602243011608
249.29,-52.48,3.3899999,1602243011616
249.31,-52.469997,3.3799999,1602243011632
249.33,-52.46,3.3799999,1602243011636
249.34999,-52.43,3.3799999,1602243011646
249.36,-52.41,3.3799999,1602243011659
249.36,-52.39,3.3799999,1602243011666
249.36,-52.379997,3.3799999,1602243011677
249.34999,-52.379997,3.37,1602243011690
249.34,-52.379997,3.37,1602243011696
249.34,-52.379997,3.37,1602243011709
249.33,-52.37,3.3799999,1602243011715
249.34,-52.37,3.3999999,1602243011726
249.33,-52.379997,3.4199998,1602243011735
249.31,-52.39,3.4399998,1602243011745
249.28,-52.41,3.4499998,1602243011761
249.25,-52.42,3.4499998,1602243011766
249.23,-52.42,3.46,1602243011778
249.23,-52.41,3.46,1602243011791
249.25,-52.39,3.46,1602243011796
249.26999,-52.37,3.47,1602243011811
249.29999,-52.36,3.47,1602243011816
249.31,-52.37,3.46,1602243011826
249.31999,-52.37,3.46,1602243011840
249.31999,-52.37,3.46,1602243011846
249.33,-52.36,3.47,1602243011858
249.34,-52.34,3.48,1602243011865
249.34999,-52.309998,3.5,1602243011876
249.36,-52.27,3.51,1602243011890
249.34999,-52.23,3.52,1602243011895
249.34,-52.199997,3.52,1602243011909
249.33,-52.17,3.51,1602243011916
249.31999,-52.149998,3.51,1602243011926
249.31999,-52.14,3.5,1602243011940
249.31,-52.149998,3.48,1602243011945
249.29999,-52.17,3.46,1602243011959
249.28,-52.19,3.4499998,1602243011966
249.26999,-52.21,3.4399998,1602243011977
249.26999,-52.219997,3.4399998,1602243011990
249.29,-52.219997,3.4499998,1602243011996
249.31999,-52.219997,3.46,1602243012008
249.34,-52.219997,3.46,1602243012016
249.37,-52.23,3.47,1602243012027
249.39,-52.25,3.48,1602243012036
249.4,-52.26,3.49,1602243012046
249.40999,-52.27,3.49,1602243012059
249.40999,-52.28,3.5,1602243012066
249.40999,-52.28,3.5,1602243012076
249.40999,-52.28,3.51,1602243012090
249.40999,-52.27,3.51,1602243012096
249.42,-52.27,3.51,1602243012109
249.43,-52.25,3.51,1602243012116
249.45,-52.23,3.52,1602243012126
249.48999,-52.21,3.53,1602243012141
249.53,-52.18,3.54,1602243012147
249.56999,-52.17,3.55,1602243012159
249.61,-52.16,3.55,1602243012167
249.62,-52.16,3.54,1602243012183
249.62999,-52.149998,3.52,1602243012188
249.64,-52.149998,3.52,1602243012197
249.65,-52.149998,3.52,1602243012208
249.65999,-52.149998,3.53,1602243012216
249.65999,-52.149998,3.53,1602243012226
249.65999,-52.16,3.53,1602243012239
249.65,-52.17,3.52,1602243012246
249.62999,-52.18,3.51,1602243012258
249.62999,-52.19,3.5,1602243012266
249.62999,-52.199997,3.49,1602243012275
249.64,-52.21,3.49,1602243012290
249.64,-52.219997,3.49,1602243012296
249.65,-52.23,3.5,1602243012308
249.65,-52.23,3.5,1602243012315
249.64,-52.23,3.51,1602243012325
249.64,-52.23,3.53,1602243012339
249.62999,-52.219997,3.54,1602243012345
249.64,-52.21,3.56,1602243012358
249.65,-52.199997,3.58,1602243012366
249.65,-52.21,3.59,1602243012376
249.64,-52.23,3.59,1602243012385
249.62999,-52.25,3.58,1602243012396
249.62,-52.26,3.57,1602243012408
249.62999,-52.26,3.57,1602243012416
249.65,-52.239998,3.58,1602243012426
249.68,-52.219997,3.59,1602243012441
249.70999,-52.199997,3.59,1602243012446
249.72,-52.199997,3.59,1602243012458
249.73,-52.219997,3.59,1602243012466
249.72,-52.25,3.59,1602243012476
249.72,-52.28,3.59,1602243012491
249.73,-52.289997,3.59,1602243012496
249.75,-52.3,3.6,1602243012511
249.79,-52.289997,3.6,1602243012516
249.81999,-52.289997,3.61,1602243012528
249.84,-52.289997,3.62,1602243012536
249.84999,-52.309998,3.6399999,1602243012546
249.84,-52.329998,3.6499999,1602243012558
249.81999,-52.37,3.6699998,1602243012569
249.81,-52.399998,3.6799998,1602243012579
249.79999,-52.42,3.6899998,1602243012590
249.79999,-52.44,3.6999998,1602243012595
249.81,-52.46,3.7099998,1602243012608
249.81999,-52.469997,3.7099998,1602243012615
249.83,-52.48,3.7099998,1602243012626
249.83,-52.489998,3.7099998,1602243012640
249.83,-52.5,3.7099998,1602243012646
249.84,-52.51,3.7099998,1602243012658
249.84999,-52.53,3.72,1602243012665
249.86,-52.55,3.73,1602243012676
249.87,-52.57,3.74,1602243012690
249.87999,-52.579998,3.73,1602243012695
249.9,-52.6,3.73,1602243012708
249.92,-52.61,3.72,1602243012716
249.95,-52.629997,3.7099998,1602243012726
249.98,-52.649998,3.6999998,1602243012740
250.0,-52.66,3.6899998,1602243012746
250.03,-52.68,3.6799998,1602243012758
250.04999,-52.69,3.6699998,1602243012765
250.06999,-52.699997,3.6599998,1602243012778
250.08,-52.71,3.6499999,1602243012790
250.09999,-52.699997,3.6499999,1602243012796
250.11,-52.69,3.6499999,1602243012809
250.12,-52.68,3.6499999,1602243012815
250.12,-52.67,3.6499999,1602243012826
250.12,-52.66,3.6499999,1602243012840
250.11,-52.66,3.6399999,1602243012845
250.12,-52.67,3.6299999,1602243012858
250.12,-52.68,3.62,1602243012866
250.12,-52.699997,3.61,1602243012877
250.12,-52.719997,3.61,1602243012890
250.09999,-52.73,3.6,1602243012896
250.08,-52.719997,3.59,1602243012911
250.06,-52.699997,3.57,1602243012916
250.06,-52.66,3.56,1602243012927
250.06999,-52.62,3.55,1602243012940
250.08,-52.59,3.55,1602243012946
250.09999,-52.57,3.55,1602243012957
250.12,-52.57,3.55,1602243012966
250.11,-52.59,3.54,1602243012975
250.09,-52.61,3.53,1602243012989
250.06999,-52.62,3.51,1602243012996
250.06,-52.62,3.51,1602243013007
250.06,-52.62,3.51,1602243013015
250.06999,-52.629997,3.51,1602243013025
250.08,-52.64,3.52,1602243013040
250.09,-52.649998,3.52,1602243013046
250.09,-52.66,3.51,1602243013058
250.08,-52.66,3.5,1602243013066
250.06999,-52.649998,3.5,1602243013075
250.06999,-52.64,3.49,1602243013090
250.06999,-52.62,3.49,1602243013096
250.06999,-52.61,3.49,1602243013108
250.06999,-52.61,3.5,1602243013115
250.06,-52.62,3.51,1602243013125
250.04,-52.64,3.51,1602243013140
250.01,-52.66,3.51,1602243013145
249.98,-52.67,3.51,1602243013158
249.97,-52.67,3.51,1602243013165
249.97,-52.67,3.51,1602243013176
249.98999,-52.66,3.53,1602243013190
250.01,-52.649998,3.54,1602243013196
250.01999,-52.649998,3.55,1602243013207
250.03,-52.66,3.56,1602243013216
250.01999,-52.67,3.56,1602243013226
250.01,-52.69,3.57,1602243013240
250.01,-52.699997,3.57,1602243013246
250.01,-52.699997,3.58,1602243013258
250.01,-52.69,3.58,1602243013265
250.01999,-52.67,3.59,1602243013275
250.04999,-52.64,3.6,1602243013291
250.06999,-52.629997,3.61,1602243013297
250.09,-52.629997,3.62,1602243013309
250.09,-52.649998,3.6399999,1602243013315
250.06999,-52.66,3.6399999,1602243013326
250.04999,-52.68,3.6299999,1602243013339
250.03,-52.69,3.62,1602243013345
250.04,-52.68,3.62,1602243013357
250.06999,-52.67,3.6299999,1602243013366
250.09999,-52.66,3.6299999,1602243013375
250.12,-52.649998,3.6299999,1602243013389
250.12999,-52.649998,3.6299999,1602243013395
250.14,-52.67,3.62,1602243013407
250.14,-52.69,3.61,1602243013415
250.14,-52.699997,3.61,1602243013425
250.15999,-52.71,3.62,1602243013439
250.18,-52.699997,3.6399999,1602243013446
250.2,-52.68,3.6599998,1602243013458
250.22,-52.66,3.6699998,1602243013465
250.23,-52.649998,3.6799998,1602243013476
250.23,-52.64,3.6699998,1602243013490
250.23,-52.649998,3.6699998,1602243013495
250.23999,-52.649998,3.6699998,1602243013508
250.23999,-52.649998,3.6699998,1602243013516
250.25,-52.629997,3.6899998,1602243013526
250.26,-52.6,3.6999998,1602243013539
250.26,-52.579998,3.72,1602243013546
250.26,-52.559998,3.74,1602243013557
250.26,-52.559998,3.74,1602243013566
250.26,-52.559998,3.75,1602243013576
250.26999,-52.57,3.75,1602243013589
250.28,-52.57,3.75,1602243013596
250.29999,-52.57,3.75,1602243013608
250.31999,-52.57,3.75,1602243013616
250.33,-52.559998,3.74,1602243013633
250.34,-52.559998,3.75,1602243013638
250.34,-52.559998,3.75,1602243013649
250.34,-52.559998,3.76,1602243013660
250.34,-52.57,3.76,1602243013666
250.33,-52.57,3.76,1602243013677
250.34,-52.579998,3.75,1602243013691
250.34999,-52.59,3.74,1602243013700
250.36,-52.6,3.73,1602243013710
250.37999,-52.6,3.72,1602243013715
250.4,-52.6,3.7099998,1602243013728
250.42,-52.59,3.7099998,1602243013739
250.42,-52.57,3.7099998,1602243013746
250.40999,-52.57,3.7099998,1602243013757
250.4,-52.579998,3.7099998,1602243013765
250.39,-52.59,3.6999998,1602243013775
250.37999,-52.61,3.6999998,1602243013789
250.37999,-52.62,3.6899998,1602243013796
250.39,-52.629997,3.6799998,1602243013808
250.4,-52.62,3.6699998,1602243013815
250.42,-52.6,3.6699998,1602243013826
250.43,-52.579998,3.6699998,1602243013839
250.43999,-52.57,3.6699998,1602243013846
250.43999,-52.55,3.6799998,1602243013857
250.43999,-52.539997,3.6899998,1602243013865
250.43,-52.53,3.7099998,1602243013877
250.43,-52.53,3.72,1602243013890
