-0.33580047,0.39986944,9.792739,1601286302695
-0.317555,0.4031814,9.793212,1601286302698
-0.29795724,0.40697163,9.79367,1601286302711
-0.27703106,0.41139802,9.794099,1601286302714
-0.25505236,0.41587833,9.794508,1601286302716
-0.23344204,0.42116165,9.794821,1601286302719
-0.2122496,0.42733258,9.795035,1601286302723
-0.19307631,0.43393415,9.795142,1601286302729
-0.17616576,0.4400641,9.795187,1601286302732
-0.16334063,0.44519326,9.795178,1601286302742
-0.15421717,0.4485444,9.795173,1601286302743
-0.14743143,0.4502485,9.7952,1601286302748
-0.14100738,0.45046353,9.795285,1601286302755
-0.13441506,0.44959113,9.795417,1601286302760
-0.1272886,0.44768116,9.795599,1601286302764
-0.12048383,0.44485468,9.7958145,1601286302768
-0.1146931,0.44163504,9.796029,1601286302775
-0.109954536,0.43811372,9.796242,1601286302778
-0.10685684,0.43509382,9.79641,1601286302782
-0.1049042,0.43234807,9.796553,1601286302789
-0.10354253,0.42947882,9.796694,1601286302793
-0.10202684,0.42692795,9.796821,1601286302798
-0.10085842,0.4245492,9.796937,1601286302806
-0.09958187,0.42184803,9.797066,1601286302808
-0.098707564,0.41903174,9.797196,1601286302813
-0.09861211,0.4155743,9.797344,1601286302819
-0.09930282,0.41158465,9.797506,1601286302829
-0.10062663,0.40729123,9.797672,1601286302831
-0.10263066,0.40272558,9.797839,1601286302837
-0.10511794,0.39827654,9.797996,1601286302840
-0.107735194,0.39432204,9.798126,1601286302850
-0.110111825,0.3905736,9.79825,1601286302855
-0.112014905,0.38702467,9.798369,1601286302857
-0.11337272,0.38397074,9.798474,1601286302862
-0.11395506,0.3817672,9.798554,1601286302864
-0.11442729,0.38010195,9.798614,1601286302871
-0.11494395,0.379085,9.798646,1601286302875
-0.11591545,0.37808332,9.798674,1601286302879
-0.11728282,0.37731665,9.798687,1601286302884
-0.11872979,0.37612253,9.798716,1601286302894
-0.120629154,0.37450904,9.798754,1601286302896
-0.122819215,0.37246406,9.798804,1601286302899
-0.12542342,0.37011883,9.7988615,1601286302910
-0.12834789,0.36759686,9.798918,1601286302915
-0.13138013,0.36498764,9.798975,1601286302920
-0.13410279,0.36290678,9.799015,1601286302922
-0.13599738,0.36157545,9.799038,1601286302925
-0.13663298,0.36090472,9.799055,1601286302928
-0.13627592,0.36061564,9.79907,1601286302939
-0.1352731,0.36074734,9.799079,1601286302941
-0.13405,0.36146122,9.799069,1601286302944
-0.13270101,0.36259046,9.7990465,1601286302950
-0.13142632,0.36415723,9.7990055,1601286302955
-0.13007149,0.3660665,9.798952,1601286302963
-0.12844509,0.3681845,9.798895,1601286302965
-0.12659806,0.37056884,9.798828,1601286302974
-0.12492286,0.37299544,9.798758,1601286302976
-0.12379082,0.37487823,9.7987,1601286302979
-0.12326879,0.37642422,9.798648,1601286302984
-0.123403385,0.37719554,9.798616,1601286302991
-0.12379237,0.37722784,9.798611,1601286302993
-0.12432829,0.37636667,9.798636,1601286303000
-0.12480159,0.37491336,9.798686,1601286303005
-0.125027,0.37278664,9.798764,1601286303010
-0.12509663,0.37005126,9.798867,1601286303016
-0.1250267,0.3669698,9.798984,1601286303021
-0.12503216,0.36346376,9.799115,1601286303024
-0.12554066,0.35951257,9.799253,1601286303030
-0.12676708,0.35524738,9.799393,1601286303036
-0.12860945,0.35070083,9.799533,1601286303045
-0.13114914,0.34585354,9.799672,1601286303047
-0.13445231,0.3406889,9.799808,1601286303050
-0.13829778,0.3352908,9.799941,1601286303056
-0.1423956,0.32983655,9.800068,1601286303061
-0.14630699,0.32453164,9.800187,1601286303065
-0.1499544,0.31968382,9.800291,1601286303074
-0.15354586,0.315136,9.800383,1601286303075
-0.15678358,0.31109098,9.80046,1601286303080
-0.15951978,0.30752647,9.8005295,1601286303089
-0.1616902,0.30401635,9.800604,1601286303091
-0.16324578,0.30058476,9.800683,1601286303094
-0.16445865,0.29714367,9.800768,1601286303100
-0.16532172,0.2937149,9.800857,1601286303107
-0.1658506,0.29058427,9.8009405,1601286303109
-0.16603637,0.28788728,9.801018,1601286303115
-0.16599378,0.28581607,9.801079,1601286303120
-0.16565539,0.2841369,9.801133,1601286303125
-0.16492182,0.28286958,9.801182,1601286303132
-0.16364951,0.28202543,9.801228,1601286303141
-0.16180955,0.28193125,9.801261,1601286303145
-0.15984549,0.2825839,9.801274,1601286303148
-0.15830243,0.28387246,9.801263,1601286303150
-0.15719736,0.28554457,9.801231,1601286303157
-0.15650967,0.28744406,9.801187,1601286303160
-0.15619309,0.28956637,9.801129,1601286303164
-0.15622234,0.29173237,9.8010645,1601286303175
-0.15645698,0.29362366,9.801004,1601286303177
-0.1566296,0.2950219,9.800961,1601286303180
-0.1566885,0.2959422,9.800931,1601286303189
-0.15665065,0.29657856,9.800912,1601286303193
-0.15640888,0.29685757,9.800908,1601286303197
-0.1559819,0.29684773,9.800916,1601286303201
-0.15538336,0.29642323,9.800938,1601286303210
-0.15473807,0.2955099,9.800976,1601286303215
-0.15419264,0.29405364,9.801027,1601286303219
-0.15374301,0.29220766,9.801089,1601286303221
-0.15334699,0.28975525,9.801168,1601286303229
-0.15285307,0.28700855,9.801257,1601286303231
-0.15220898,0.2839664,9.801356,1601286303237
-0.15158117,0.28073525,9.801458,1601286303239
-0.15104264,0.27738872,9.801562,1601286303245
-0.15064888,0.27406117,9.801662,1601286303253
-0.15041284,0.27070364,9.801759,1601286303256
-0.15051857,0.26726204,9.801852,1601286303260
-0.15094371,0.26371768,9.801942,1601286303264
-0.15140866,0.26020753,9.802029,1601286303271
-0.15171383,0.25678393,9.802114,1601286303275
-0.15175626,0.25343278,9.8022,1601286303279
-0.15151364,0.250409,9.802282,1601286303286
-0.15104416,0.24783723,9.802355,1601286303290
-0.15029782,0.24561702,9.802423,1601286303295
-0.14899342,0.24395505,9.802484,1601286303308
-0.14698935,0.24276742,9.802542,1601286303310
-0.14429636,0.24219285,9.802597,1601286303314
-0.14091551,0.24226545,9.802645,1601286303319
-0.13691519,0.24289526,9.802686,1601286303321
-0.1324134,0.24396847,9.802721,1601286303330
-0.12751554,0.24545263,9.802749,1601286303334
-0.122647114,0.2474571,9.80276,1601286303337
-0.11827848,0.24984428,9.802754,1601286303346
-0.114482105,0.25246507,9.8027315,1601286303347
-0.111083314,0.25537294,9.802695,1601286303351
-0.10796292,0.25840428,9.80265,1601286303360
-0.10505097,0.2613989,9.802603,1601286303362
-0.102451466,0.26430234,9.802552,1601286303366
-0.100282654,0.2670459,9.802502,1601286303374
-0.098748125,0.26942486,9.802451,1601286303376
-0.097770154,0.2715734,9.802402,1601286303379
-0.09728872,0.27344596,9.802354,1601286303386
-0.097237885,0.27479303,9.802317,1601286303391
-0.09743297,0.27567923,9.80229,1601286303395
-0.097756125,0.27631372,9.802269,1601286303404
-0.09801326,0.27692717,9.80225,1601286303408
-0.098178424,0.277717,9.802225,1601286303411
-0.0981642,0.27878225,9.802196,1601286303416
-0.09785998,0.28024477,9.802156,1601286303430
-0.096919596,0.28213054,9.802113,1601286303435
-0.095338285,0.28453434,9.802058,1601286303436
-0.092980795,0.2871926,9.802003,1601286303437
-0.09006472,0.29007486,9.801946,1601286303442
-0.08703755,0.2929306,9.8018875,1601286303444
-0.08401748,0.2955407,9.801836,1601286303454
-0.08100213,0.29790083,9.80179,1601286303455
-0.07832977,0.29989627,9.801751,1601286303459
-0.076168776,0.3012787,9.801724,1601286303468
-0.07444565,0.3020252,9.801716,1601286303470
-0.07317689,0.30215797,9.801721,1601286303475
-0.07214739,0.30172965,9.801743,1601286303480
-0.07121891,0.30121484,9.801764,1601286303487
-0.07037138,0.30071425,9.801785,1601286303490
-0.06963586,0.3001182,9.801809,1601286303495
-0.06895152,0.29946223,9.801834,1601286303504
-0.06840629,0.2988659,9.801857,1601286303507
-0.067855455,0.2983725,9.801875,1601286303511
-0.067636296,0.2979972,9.8018875,1601286303519
-0.067715034,0.29788783,9.80189,1601286303521
-0.0683473,0.29775262,9.80189,1601286303527
-0.069582246,0.29733658,9.801894,1601286303533
-0.071259536,0.29621866,9.801917,1601286303543
-0.0734727,0.2945771,9.8019495,1601286303547
-0.07613295,0.29264444,9.801987,1601286303549
-0.07928152,0.29055375,9.802025,1601286303551
-0.08293888,0.28820214,9.802063,1601286303558
-0.086826846,0.28572595,9.802102,1601286303560
-0.090618886,0.2834135,9.802135,1601286303574
-0.0942117,0.28107795,9.802168,1601286303575
-0.097412206,0.27877074,9.802203,1601286303577
-0.09992952,0.2766752,9.8022375,1601286303582
-0.10164205,0.2748467,9.802271,1601286303587
-0.10247469,0.2733622,9.802304,1601286303589
-0.10247096,0.27232343,9.802333,1601286303596
-0.102002114,0.27155274,9.802359,1601286303605
-0.10140154,0.2709381,9.802382,1601286303608
-0.100901514,0.2704238,9.8024025,1601286303612
-0.100659326,0.26991442,9.802418,1601286303624
-0.10081014,0.26929677,9.802434,1601286303627
-0.101153545,0.26847208,9.802453,1601286303629
-0.101694085,0.26736018,9.802477,1601286303635
-0.102344304,0.26584157,9.802512,1601286303636
-0.10316243,0.26399806,9.802553,1601286303645
-0.104467146,0.26188126,9.802596,1601286303648
-0.10598851,0.25942189,9.802646,1601286303654
-0.1077021,0.25675893,9.802696,1601286303656
-0.109482124,0.2540377,9.802749,1601286303661
-0.11130951,0.25146395,9.802793,1601286303668
-0.11330343,0.24917191,9.802829,1601286303670
-0.11541097,0.24735174,9.802852,1601286303676
-0.1173528,0.2458326,9.802866,1601286303683
-0.118934855,0.24463092,9.802876,1601286303687
-0.11972716,0.24379615,9.802888,1601286303690
-0.11963511,0.2434739,9.802898,1601286303695
-0.11893907,0.24357636,9.802903,1601286303700
-0.11787897,0.24410355,9.802903,1601286303706
-0.11659492,0.24491768,9.802897,1601286303711
-0.115013316,0.24577734,9.802896,1601286303716
-0.11301802,0.24682078,9.802892,1601286303721
-0.110682465,0.24805926,9.802888,1601286303727
-0.108238585,0.2495416,9.802877,1601286303737
-0.10569595,0.251296,9.802859,1601286303740
-0.102801755,0.2533514,9.802837,1601286303743
-0.09974935,0.25565308,9.80281,1601286303746
-0.09662059,0.25822753,9.802773,1601286303753
-0.09341678,0.26124057,9.802726,1601286303756
-0.08997621,0.2645593,9.802668,1601286303761
-0.08611539,0.2683403,9.8026,1601286303768
-0.08165426,0.2725715,9.802521,1601286303771
-0.07671324,0.2771096,9.802434,1601286303775
-0.07120029,0.281699,9.802345,1601286303786
-0.06558549,0.2861613,9.802255,1601286303790
-0.059852738,0.29015008,9.802175,1601286303792
-0.054417677,0.29348183,9.802106,1601286303796
-0.049394075,0.2959454,9.802059,1601286303802
-0.044922292,0.29740474,9.802037,1601286303806
-0.041078396,0.29776418,9.802042,1601286303812
-0.03832267,0.2971966,9.802071,1601286303821
-0.036784742,0.2954822,9.802128,1601286303821
-0.036168944,0.29318076,9.8022,1601286303827
-0.03617279,0.29058337,9.802277,1601286303835
-0.036631312,0.28801233,9.802351,1601286303837
-0.037293978,0.28570202,9.802416,1601286303841
-0.037908435,0.28375512,9.80247,1601286303846
-0.03835745,0.28238297,9.802508,1601286303852
-0.038680673,0.28174472,9.8025255,1601286303856
-0.03882503,0.28190994,9.80252,1601286303862
-0.038844135,0.28267986,9.802498,1601286303870
-0.038857345,0.28384972,9.8024645,1601286303872
-0.03888049,0.2851481,9.802426,1601286303875
-0.039007466,0.28636053,9.802391,1601286303889
-0.039344575,0.28741688,9.802359,1601286303893
-0.04002201,0.28798443,9.80234,1601286303897
-0.041210897,0.28798303,9.802334,1601286303899
-0.043114748,0.2873903,9.802343,1601286303907
-0.04575844,0.28634018,9.802362,1601286303910
-0.04920226,0.28504434,9.802383,1601286303914
-0.05312061,0.28350118,9.802406,1601286303917
-0.05720633,0.28181735,9.802433,1601286303927
-0.06118362,0.28030303,9.802453,1601286303932
-0.0648973,0.27915004,9.802462,1601286303933
-0.06830471,0.27856517,9.802455,1601286303937
-0.071262054,0.27853668,9.802435,1601286303942
-0.07388177,0.27914417,9.802398,1601286303952
-0.07598796,0.28030133,9.802349,1601286303954
-0.077399254,0.28180593,9.802296,1601286303956
-0.07829943,0.28358957,9.802236,1601286303961
-0.078637175,0.28544095,9.802179,1601286303967
-0.078844085,0.28731972,9.802123,1601286303971
-0.07884813,0.28932312,9.802065,1601286303976
-0.07861498,0.29129428,9.802008,1601286303983
-0.07797086,0.2932098,9.801955,1601286303986
-0.07713729,0.29527617,9.801901,1601286303992
-0.07615867,0.29736382,9.801845,1601286304002
-0.07496385,0.2993549,9.801794,1601286304005
-0.07354776,0.30126905,9.801745,1601286304008
-0.07207906,0.30290335,9.801705,1601286304011
-0.071013376,0.30423787,9.801672,1601286304019
-0.070534155,0.30530939,9.801642,1601286304022
-0.07073301,0.30611572,9.801617,1601286304028
-0.0715942,0.30638,9.801601,1601286304040
-0.0730142,0.3060821,9.8016,1601286304042
-0.07480253,0.3052547,9.801612,1601286304045
-0.07706771,0.30372852,9.801642,1601286304050
-0.07984964,0.30145398,9.80169,1601286304053
-0.08312776,0.29861233,9.801751,1601286304064
-0.08666034,0.29532903,9.80182,1601286304066
-0.09017342,0.29160967,9.801899,1601286304068
-0.093690306,0.28783917,9.801977,1601286304073
-0.09736191,0.28406817,9.802052,1601286304078
-0.10111708,0.28035977,9.80212,1601286304085
-0.10469744,0.27700403,9.802177,1601286304088
-0.10791004,0.27417508,9.802222,1601286304093
-0.110620394,0.27203646,9.802253,1601286304099
-0.112648636,0.2707009,9.802266,1601286304102
-0.11395843,0.27016544,9.802265,1601286304107
-0.11474107,0.27067602,9.802242,1601286304112
-0.114956416,0.27191678,9.802206,1601286304122
-0.11463079,0.27387118,9.8021555,1601286304127
-0.11375974,0.2762334,9.802099,1601286304137
-0.11270738,0.2787485,9.802039,1601286304138
-0.1118895,0.28125554,9.801978,1601286304140
-0.111394346,0.2835554,9.801918,1601286304142
-0.11134442,0.28557652,9.801859,1601286304148
-0.1115015,0.2869552,9.801816,1601286304152
-0.111814246,0.28766268,9.801793,1601286304157
-0.11204189,0.28783348,9.801785,1601286304165
-0.11202928,0.28745154,9.801796,1601286304169
-0.11179032,0.28663012,9.801824,1601286304171
-0.11128808,0.2854097,9.801864,1601286304176
-0.11043367,0.28405568,9.801913,1601286304187
-0.109170035,0.28267393,9.801968,1601286304189
-0.10751734,0.28154492,9.802018,1601286304191
-0.10554112,0.28064847,9.802066,1601286304201
-0.1031626,0.2802472,9.802101,1601286304204
-0.10046393,0.28046772,9.802124,1601286304206
-0.09751096,0.28114796,9.802135,1601286304215
-0.09440377,0.28211927,9.802136,1601286304218
-0.09132003,0.2832374,9.8021345,1601286304222
-0.08818496,0.2844854,9.802126,1601286304227
-0.08515181,0.28581762,9.802114,1601286304234
-0.08247821,0.287074,9.8021,1601286304237
-0.08028633,0.28804538,9.802091,1601286304242
-0.078634,0.28862777,9.802087,1601286304250
-0.07736936,0.28883475,9.802091,1601286304253
-0.0763729,0.2887441,9.802101,1601286304258
-0.075615026,0.28839713,9.802117,1601286304265
-0.07498926,0.2878667,9.802138,1601286304267
-0.07450648,0.28716904,9.802161,1601286304274
-0.07421419,0.28625938,9.80219,1601286304277
-0.07412077,0.28534338,9.8022175,1601286304285
-0.07409008,0.28461954,9.802238,1601286304289
-0.07392552,0.2841766,9.802254,1601286304293
-0.073513106,0.28410563,9.802258,1601286304304
-0.072846845,0.28443375,9.802254,1601286304307
-0.07196127,0.28506884,9.802241,1601286304311
-0.070882015,0.28595984,9.802223,1601286304315
-0.069626816,0.2869013,9.802206,1601286304322
-0.068107575,0.28792349,9.802186,1601286304324
-0.06646056,0.28898805,9.802166,1601286304327
-0.06479927,0.28999305,9.802147,1601286304335
-0.06300938,0.2906878,9.802138,1601286304337
-0.061256938,0.29088354,9.802144,1601286304342
-0.05965557,0.2908594,9.802154,1601286304348
-0.058165025,0.29054314,9.802173,1601286304355
-0.05689338,0.28980464,9.802202,1601286304360
-0.056012213,0.2887715,9.8022375,1601286304363
-0.055468988,0.2874515,9.802279,1601286304368
-0.055188548,0.2859545,9.802325,1601286304374
-0.054928727,0.28410548,9.80238,1601286304379
-0.054658685,0.28199735,9.802442,1601286304387
-0.054275163,0.27971035,9.80251,1601286304389
-0.053774796,0.27733552,9.80258,1601286304392
-0.053299338,0.27496296,9.8026495,1601286304397
-0.052982967,0.27249026,9.80272,1601286304403
-0.053083334,0.26978284,9.802794,1601286304408
-0.053797986,0.26688957,9.802871,1601286304414
-0.054988615,0.26386356,9.802946,1601286304418
-0.056628536,0.2607162,9.8030205,1601286304422
-0.058528177,0.25741145,9.803097,1601286304431
-0.06061305,0.25398517,9.803173,1601286304434
-0.06289498,0.25054407,9.803247,1601286304439
-0.06526607,0.24712262,9.803319,1601286304443
-0.06770596,0.24370144,9.803389,1601286304450
-0.070167586,0.24033119,9.803453,1601286304453
-0.07247304,0.23737821,9.803509,1601286304458
-0.074523225,0.23492967,9.803552,1601286304468
-0.076128155,0.23330198,9.803579,1601286304472
-0.07719252,0.232531,9.803589,1601286304475
-0.077571385,0.23260564,9.803584,1601286304481
-0.077122174,0.23358858,9.803564,1601286304485
-0.07599949,0.23543116,9.80353,1601286304489
-0.07450025,0.23808736,9.803476,1601286304495
-0.07269753,0.24137314,9.80341,1601286304500
-0.07084417,0.24506529,9.803331,1601286304504
-0.06894543,0.24884352,9.80325,1601286304509
-0.06714353,0.2523596,9.803172,1601286304518
-0.06546491,0.25531906,9.803107,1601286304520
-0.06412325,0.25750816,9.80306,1601286304523
-0.06323569,0.25864822,9.803036,1601286304530
-0.06316589,0.2586205,9.803036,1601286304533
-0.06416854,0.25750574,9.803058,1601286304539
-0.06636067,0.25553015,9.803096,1601286304545
-0.06971491,0.25284255,9.803143,1601286304548
-0.07371508,0.24953789,9.803198,1601286304557
-0.078073084,0.2461445,9.80325,1601286304560
-0.08267491,0.24273878,9.803297,1601286304567
-0.08720125,0.2394377,9.803339,1601286304571
-0.09142088,0.23632587,9.803376,1601286304574
-0.0952378,0.23353286,9.803407,1601286304582
-0.09823682,0.23118925,9.803432,1601286304583
-0.10022071,0.22938211,9.803455,1601286304587
-0.10139308,0.22814175,9.8034725,1601286304592
-0.10183461,0.22738674,9.803484,1601286304602
-0.10178934,0.2270126,9.803494,1601286304604
-0.10154085,0.22697943,9.803497,1601286304609
-0.10143296,0.22722644,9.803493,1601286304618
-0.10153448,0.22744955,9.803487,1601286304619
-0.10189526,0.22761007,9.803478,1601286304624
-0.1025734,0.22752146,9.803473,1601286304630
-0.103763856,0.2271059,9.803472,1601286304633
-0.1052079,0.2262386,9.803475,1601286304639
-0.106725544,0.22492172,9.803491,1601286304646
-0.10838979,0.223405,9.803506,1601286304649
-0.11020384,0.2217951,9.803522,1601286304653
-0.11225228,0.22028953,9.803533,1601286304658
-0.114412226,0.21898074,9.803538,1601286304664
-0.11632237,0.21792099,9.803538,1601286304669
-0.11825994,0.21743257,9.803526,1601286304674
-0.12000684,0.2176038,9.8035,1601286304681
-0.1214223,0.21830122,9.803468,1601286304686
-0.12252139,0.21946138,9.803429,1601286304688
-0.123198286,0.22102411,9.803385,1601286304698
-0.12341301,0.22296678,9.803339,1601286304699
-0.12324932,0.22503673,9.803293,1601286304703
-0.1228457,0.22701432,9.803253,1601286304708
-0.12252133,0.22879599,9.803215,1601286304713
-0.12258239,0.23008469,9.8031845,1601286304719
-0.12313901,0.23074558,9.803162,1601286304723
-0.12429597,0.23082584,9.803144,1601286304729
-0.12605715,0.23052241,9.80313,1601286304734
-0.12823679,0.22993346,9.803115,1601286304739
-0.13052846,0.22912636,9.803103,1601286304748
-0.13258937,0.22825019,9.803097,1601286304749
-0.13422757,0.22749892,9.803092,1601286304753
-0.13528359,0.22692856,9.803091,1601286304762
-0.13563848,0.22658473,9.803094,1601286304763
-0.13551618,0.22663268,9.803095,1601286304769
-0.13490835,0.22691298,9.803096,1601286304775
-0.13399668,0.22724174,9.803102,1601286304784
-0.13289438,0.22768523,9.803106,1601286304787
-0.13179907,0.22793281,9.803115,1601286304791
-0.13059254,0.22798696,9.803129,1601286304795
-0.12908155,0.22792134,9.803152,1601286304803
-0.12713559,0.22774509,9.803181,1601286304806
-0.124873325,0.22732402,9.80322,1601286304809
-0.12250336,0.22671129,9.803264,1601286304818
-0.120331146,0.22601715,9.803307,1601286304820
-0.118486464,0.22530468,9.803346,1601286304823
-0.116812885,0.2244605,9.803385,1601286304831
-0.1153157,0.22359996,9.803423,1601286304833
-0.11407642,0.22258648,9.80346,1601286304840
-0.11328866,0.22147255,9.803494,1601286304844
-0.112830795,0.2202485,9.803527,1601286304848
-0.11280287,0.2190066,9.8035555,1601286304855
-0.11334379,0.21781957,9.8035755,1601286304860
-0.11454228,0.21668607,9.803586,1601286304866
-0.11615182,0.21569121,9.80359,1601286304868
-0.11786471,0.21490836,9.803587,1601286304875
-0.119327895,0.21441057,9.803579,1601286304883
-0.12059354,0.2142513,9.803567,1601286304885
-0.12138589,0.21453965,9.803552,1601286304888
-0.121710934,0.21531355,9.803531,1601286304897
-0.12150019,0.21667038,9.803503,1601286304898
-0.12070318,0.21843219,9.803474,1601286304905
-0.11947515,0.2205159,9.803442,1601286304915
-0.117824875,0.22284807,9.80341,1601286304916
-0.11581189,0.22529046,9.803378,1601286304921
-0.113672666,0.22774556,9.803347,1601286304926
-0.111524686,0.23008749,9.803316,1601286304933
-0.10932959,0.23241535,9.803286,1601286304934
-0.10698984,0.234858,9.803254,1601286304939
-0.10463586,0.23716505,9.803224,1601286304945
-0.10256876,0.23941912,9.803191,1601286304950
-0.10075987,0.24164993,9.803154,1601286304955
-0.09916069,0.24382429,9.803117,1601286304964
-0.09783506,0.24590297,9.803078,1601286304967
-0.09691662,0.24777368,9.8030405,1601286304969
-0.09641412,0.24926059,9.803008,1601286304980
-0.09653055,0.25021392,9.802983,1601286304981
-0.097193815,0.25064802,9.802965,1601286304985
-0.09822762,0.25050035,9.802958,1601286304990
-0.09950874,0.24974464,9.802965,1601286304999
-0.100866124,0.24846934,9.802983,1601286305001
-0.102443144,0.24710543,9.803,1601286305006
-0.104298286,0.2458404,9.803013,1601286305011
-0.10634752,0.2447741,9.803019,1601286305020
-0.10815371,0.24409628,9.803015,1601286305021
-0.10957882,0.2437408,9.803009,1601286305031
-0.110623844,0.24390167,9.802993,1601286305035
-0.11125278,0.24460034,9.802969,1601286305036
-0.11142506,0.24571529,9.802938,1601286305040
-0.111134104,0.24729641,9.802902,1601286305050
-0.11032091,0.24914555,9.802864,1601286305055
-0.10910165,0.25117096,9.802826,1601286305056
-0.10772931,0.2532468,9.802788,1601286305063
-0.106357776,0.25512487,9.802754,1601286305064
-0.10525478,0.25670445,9.802725,1601286305068
-0.10437464,0.25788814,9.802703,1601286305075
-0.10373686,0.25861752,9.8026905,1601286305081
-0.10337871,0.25902802,9.802683,1601286305085
-0.10331893,0.259119,9.802682,1601286305091
-0.10359151,0.2589806,9.802682,1601286305096
-0.104022644,0.25870988,9.802685,1601286305100
-0.10462017,0.25839382,9.802687,1601286305107
-0.105072774,0.2579153,9.802695,1601286305113
-0.10513312,0.2575268,9.802705,1601286305114
-0.10488141,0.25714606,9.802717,1601286305120
-0.10437833,0.25671962,9.802732,1601286305128
-0.10378103,0.25612208,9.802755,1601286305131
-0.10317974,0.25551364,9.802778,1601286305134
-0.10257805,0.25492525,9.8028,1601286305139
-0.10204722,0.2542025,9.802824,1601286305151
-0.10173847,0.25360912,9.802842,1601286305154
-0.10179569,0.25311914,9.8028555,1601286305157
-0.10219422,0.2528315,9.802858,1601286305165
-0.102849826,0.25294957,9.802848,1601286305168
-0.10352041,0.25334233,9.802832,1601286305171
-0.10415508,0.25408167,9.802805,1601286305177
-0.10475796,0.25512818,9.802771,1601286305181
-0.10553232,0.2563305,9.8027315,1601286305185
-0.106429614,0.2575322,9.8026905,1601286305189
-0.10749766,0.25862956,9.8026495,1601286305197
-0.108726926,0.2594175,9.802616,1601286305200
-0.10994386,0.2597444,9.802593,1601286305205
-0.111138485,0.25944415,9.8025875,1601286305211
-0.1122406,0.2587119,9.802594,1601286305215
-0.113160275,0.2576683,9.802612,1601286305219
-0.11381271,0.25626796,9.802641,1601286305230
-0.114222415,0.25451276,9.802682,1601286305233
-0.11429288,0.2525401,9.8027315,1601286305235
-0.11396506,0.25055128,9.802787,1601286305239
-0.11312859,0.2486265,9.802845,1601286305247
-0.111824535,0.24684644,9.802905,1601286305249
-0.11019173,0.24532403,9.802962,1601286305255
-0.10855112,0.24421321,9.803008,1601286305265
-0.107003845,0.24353439,9.803042,1601286305267
-0.10575419,0.24326433,9.8030615,1601286305270
-0.10482699,0.24343175,9.803068,1601286305277
-0.10416452,0.24387121,9.803064,1601286305279
-0.10365614,0.24460176,9.803051,1601286305285
-0.10316208,0.24535626,9.803039,1601286305294
-0.10267096,0.24632575,9.803019,1601286305297
-0.10221004,0.24722889,9.803,1601286305299
-0.1019208,0.24813065,9.80298,1601286305304
-0.10171691,0.24905087,9.80296,1601286305310
-0.10145866,0.24986632,9.802942,1601286305317
-0.101000026,0.2504276,9.802932,1601286305320
-0.10050351,0.2506139,9.802932,1601286305330
-0.09999354,0.25039667,9.802943,1601286305332
-0.09945901,0.24970938,9.802965,1601286305335
-0.09889518,0.24866405,9.802999,1601286305343
-0.09840741,0.24742536,9.803035,1601286305345
-0.09818653,0.24604069,9.803071,1601286305349
-0.09816449,0.2445354,9.803109,1601286305357
-0.09840382,0.24291158,9.803147,1601286305364
-0.098959535,0.24118385,9.803184,1601286305367
-0.099797,0.2394385,9.803219,1601286305370
-0.10062927,0.2377699,9.803251,1601286305380
-0.10159074,0.23635276,9.803275,1601286305381
-0.102479436,0.23516393,9.803294,1601286305385
-0.10321431,0.234215,9.803309,1601286305397
-0.103759326,0.23351638,9.80332,1601286305398
-0.10420917,0.2329525,9.803329,1601286305401
-0.10462605,0.23243773,9.803337,1601286305406
-0.10508703,0.23186907,9.803346,1601286305416
-0.10582072,0.23111182,9.803355,1601286305421
-0.10690681,0.2300976,9.803368,1601286305425
-0.10824689,0.22879064,9.803384,1601286305429
-0.10976969,0.2272533,9.803402,1601286305435
-0.11143444,0.22546442,9.803424,1601286305442
-0.11337121,0.22348759,9.803448,1601286305443
-0.11549867,0.22130764,9.803472,1601286305447
-0.117884025,0.21902847,9.803495,1601286305454
-0.12027671,0.21671681,9.803518,1601286305456
-0.12246112,0.21435818,9.803542,1601286305462
-0.1242791,0.21200068,9.803571,1601286305465
-0.12585877,0.20983101,9.803597,1601286305470
-0.12724094,0.20794415,9.803619,1601286305476
-0.1284904,0.20644532,9.803635,1601286305482
-0.12964033,0.20526285,9.803645,1601286305486
-0.1303521,0.20441881,9.803653,1601286305494
-0.13057694,0.20397767,9.803659,1601286305496
-0.1304271,0.20385322,9.803664,1601286305502
-0.12999298,0.20403552,9.803665,1601286305505
-0.129258,0.20448607,9.803665,1601286305511
-0.12837517,0.20516224,9.803664,1601286305517
-0.12732685,0.20609601,9.8036585,1601286305522
-0.12624551,0.20716642,9.80365,1601286305533
-0.1251548,0.20827785,9.803639,1601286305535
-0.124212205,0.20930108,9.80363,1601286305536
-0.12344,0.21028528,9.803618,1601286305542
-0.1229898,0.21093786,9.80361,1601286305545
-0.12275335,0.21136785,9.803603,1601286305550
-0.122717105,0.21148303,9.803601,1601286305561
-0.12285698,0.21117179,9.803607,1601286305562
-0.12331334,0.21050337,9.803615,1601286305567
-0.12400896,0.20957427,9.803627,1601286305571
-0.12509264,0.20845474,9.803637,1601286305578
-0.12613764,0.2072254,9.80365,1601286305580
-0.12696524,0.20614152,9.803661,1601286305585
-0.12742509,0.2053081,9.803672,1601286305596
-0.12745316,0.20482473,9.803682,1601286305598
-0.12707017,0.20475653,9.803689,1601286305601
-0.12620816,0.20504859,9.803694,1601286305611
-0.12499754,0.20565243,9.803697,1601286305613
-0.12376335,0.2065469,9.803693,1601286305616
-0.12254634,0.20747517,9.803689,1601286305624
-0.12152871,0.20836513,9.803683,1601286305627
-0.12096658,0.20927358,9.80367,1601286305632
-0.12080502,0.21007264,9.803656,1601286305636
-0.12105038,0.21070722,9.803639,1601286305644
-0.12147051,0.21117693,9.803624,1601286305648
-0.12183243,0.21145274,9.803614,1601286305651
-0.12198626,0.2113884,9.803613,1601286305663
-0.12201637,0.21111007,9.8036175,1601286305664
-0.12220567,0.2106233,9.803626,1601286305667
-0.1227604,0.2101185,9.80363,1601286305677
-0.123652145,0.20953208,9.803632,1601286305681
-0.124990836,0.20885997,9.803629,1601286305682
-0.12650356,0.20810345,9.803626,1601286305685
-0.1280558,0.20753624,9.8036175,1601286305692
-0.12968977,0.20712642,9.803605,1601286305695
-0.13135411,0.20702046,9.803585,1601286305701
-0.13311939,0.2071811,9.803557,1601286305709
-0.13485198,0.20762807,9.803525,1601286305712
-0.13642114,0.2083058,9.803489,1601286305717
-0.13798904,0.20909262,9.80345,1601286305724
-0.13960038,0.20983142,9.8034115,1601286305728
-0.14128205,0.2105256,9.803371,1601286305739
-0.14293164,0.21103749,9.803337,1601286305742
-0.14450745,0.21137589,9.803308,1601286305744
-0.14605777,0.21169925,9.803277,1601286305746
-0.14776975,0.21186502,9.803248,1601286305754
-0.14970148,0.21190286,9.803218,1601286305756
-0.15187465,0.21182658,9.803186,1601286305761
-0.15396684,0.21166371,9.803156,1601286305766
-0.15580621,0.21145469,9.803132,1601286305772
-0.15727627,0.21130535,9.803112,1601286305778
-0.15836738,0.21138376,9.803092,1601286305782
-0.15908915,0.21159886,9.803076,1601286305790
-0.15952039,0.21176122,9.803065,1601286305792
-0.159642,0.2120801,9.803057,1601286305801
-0.15966058,0.21237351,9.80305,1601286305803
-0.15955871,0.21258275,9.803047,1601286305808
-0.1593543,0.21269664,9.803048,1601286305815
-0.1590993,0.21272375,9.803052,1601286305817
-0.15871389,0.2127921,9.803057,1601286305824
-0.1581459,0.21294637,9.803062,1601286305826
-0.15739657,0.21319687,9.803069,1601286305831
-0.15646423,0.2136381,9.803075,1601286305836
-0.15554376,0.21417895,9.803078,1601286305849
-0.1545509,0.21463738,9.803082,1601286305855
-0.15367869,0.21490043,9.803091,1601286305857
-0.15297048,0.21508686,9.803098,1601286305859
-0.15244369,0.21510433,9.803105,1601286305868
-0.15215978,0.21492492,9.803113,1601286305871
-0.15206507,0.21440133,9.803127,1601286305873
-0.15206371,0.21351908,9.803146,1601286305881
-0.15213163,0.2123348,9.803171,1601286305884
-0.15232995,0.21102098,9.803196,1601286305889
-0.15265585,0.20966724,9.80322,1601286305897
-0.15294501,0.20830168,9.803245,1601286305898
-0.15320085,0.20711319,9.803267,1601286305901
-0.15343459,0.20613982,9.803283,1601286305907
-0.15372932,0.20547156,9.803291,1601286305911
-0.15410627,0.20495313,9.803296,1601286305917
-0.15453076,0.20468402,9.803295,1601286305923
-0.15480033,0.20445693,9.803296,1601286305926
-0.15492484,0.20409235,9.803302,1601286305931
-0.1548224,0.20352675,9.803314,1601286305944
-0.1545096,0.2026432,9.803339,1601286305947
-0.15405506,0.20137101,9.803372,1601286305950
-0.1534869,0.19973099,9.803414,1601286305954
-0.15286952,0.19795531,9.80346,1601286305960
-0.15234463,0.19600311,9.803508,1601286305963
-0.1517795,0.19401585,9.803556,1601286305966
-0.15114897,0.19213806,9.803602,1601286305973
-0.15053296,0.19057235,9.803642,1601286305977
-0.14999498,0.18945286,9.803673,1601286305981
-0.14939778,0.18883446,9.803694,1601286305993
-0.1487004,0.18857206,9.803709,1601286305995
-0.14788732,0.18879402,9.803718,1601286305997
-0.14704897,0.18948436,9.803717,1601286306001
-0.14620912,0.19062476,9.803708,1601286306009
-0.14539263,0.19210795,9.80369,1601286306013
-0.14466897,0.1936542,9.80367,1601286306019
-0.14414592,0.19519995,9.803648,1601286306025
-0.14368291,0.19661437,9.803626,1601286306029
-0.14330854,0.19776875,9.803608,1601286306034
-0.14290191,0.19867279,9.803596,1601286306042
-0.14233547,0.19933188,9.803591,1601286306045
-0.14158142,0.1996927,9.803595,1601286306048
-0.14057592,0.19985275,9.803605,1601286306052
-0.13932417,0.1998425,9.803624,1601286306059
-0.13799122,0.19967836,9.803646,1601286306063
-0.13671075,0.19934776,9.80367,1601286306067
-0.13558957,0.19886519,9.803696,1601286306074
-0.13472733,0.1982401,9.80372,1601286306077
-0.13426277,0.19745941,9.803742,1601286306082
-0.13402607,0.196659,9.8037615,1601286306089
-0.1338186,0.1959616,9.803779,1601286306092
-0.13355382,0.19522847,9.803797,1601286306097
-0.13325083,0.1943213,9.80382,1601286306103
-0.13298734,0.19329742,9.8038435,1601286306113
-0.13276275,0.1921463,9.803869,1601286306114
-0.13248159,0.19100122,9.803895,1601286306118
-0.13215671,0.18988997,9.803921,1601286306123
-0.13184252,0.18862014,9.80395,1601286306128
-0.13171181,0.18725665,9.803977,1601286306133
-0.13186002,0.18578161,9.804004,1601286306141
-0.1322642,0.18441351,9.804024,1601286306143
-0.13299325,0.18305202,9.804039,1601286306146
-0.13387892,0.18181986,9.80405,1601286306153
-0.13481969,0.18082725,9.804055,1601286306164
-0.13556406,0.1800744,9.804059,1601286306167
-0.13603914,0.17944643,9.804064,1601286306171
-0.13623662,0.17900556,9.8040695,1601286306174
-0.1363208,0.17866664,9.804074,1601286306184
-0.13630296,0.17841052,9.804079,1601286306188
-0.13627015,0.17809935,9.804086,1601286306190
-0.13587365,0.17764054,9.804099,1601286306193
-0.13498335,0.17694421,9.804124,1601286306203
-0.13347127,0.17617421,9.804159,1601286306204
-0.13160942,0.1754395,9.804197,1601286306207
-0.12935273,0.1746308,9.804242,1601286306213
-0.12692995,0.17366596,9.804292,1601286306217
-0.12432032,0.17255504,9.804344,1601286306225
-0.121954836,0.17139868,9.804394,1601286306227
-0.119997166,0.1701931,9.804439,1601286306233
-0.118518956,0.16913566,9.804476,1601286306240
-0.11743148,0.16823158,9.804503,1601286306242
-0.11655087,0.16746616,9.804528,1601286306247
-0.115634836,0.16689444,9.804548,1601286306253
-0.11474169,0.1665187,9.804564,1601286306257
-0.1140338,0.16631067,9.804577,1601286306262
-0.113714114,0.16634236,9.80458,1601286306267
-0.11383071,0.16642939,9.804577,1601286306273
-0.1141067,0.16666816,9.804569,1601286306277
-0.11455646,0.16713673,9.804557,1601286306282
-0.1148711,0.1677297,9.804543,1601286306288
-0.114933945,0.16825923,9.804533,1601286306293
-0.11479248,0.16866943,9.804527,1601286306298
-0.1145426,0.16884808,9.804527,1601286306308
-0.11422479,0.16889538,9.80453,1601286306310
-0.11393383,0.16889939,9.804533,1601286306313
-0.113786735,0.16882136,9.804537,1601286306319
-0.11385693,0.16868064,9.804539,1601286306327
-0.11388479,0.16854212,9.804541,1601286306331
-0.113683164,0.16851427,9.804543,1601286306333
-0.11316017,0.16868295,9.804546,1601286306341
-0.11220969,0.16920224,9.804549,1601286306345
-0.11097222,0.17003512,9.804547,1601286306349
-0.10940562,0.17108198,9.804547,1601286306359
-0.10772327,0.17228441,9.804544,1601286306360
-0.1059541,0.17356612,9.804542,1601286306363
-0.104206085,0.1748297,9.804538,1601286306372
-0.10270471,0.17601064,9.804533,1601286306375
-0.10166949,0.17694795,9.804526,1601286306378
-0.101156995,0.17746164,9.8045225,1601286306384
-0.10131063,0.17755832,9.804519,1601286306393
-0.10202847,0.17717417,9.804519,1601286306394
-0.10317878,0.17637022,9.804521,1601286306397
-0.10484192,0.1752499,9.804523,1601286306403
-0.10676706,0.1739655,9.804525,1601286306408
-0.10870437,0.17266908,9.804527,1601286306414
-0.11048739,0.17145784,9.804529,1601286306427
-0.11178691,0.17048343,9.804531,1601286306430
-0.11258959,0.16980372,9.804533,1601286306434
-0.11287678,0.16933234,9.804538,1601286306437
-0.11273829,0.16912852,9.8045435,1601286306438
-0.11232885,0.16909578,9.804548,1601286306447
-0.111733235,0.16915853,9.804554,1601286306453
-0.11103055,0.16922317,9.804561,1601286306455
-0.11021249,0.16912313,9.804573,1601286306461
-0.10932916,0.16867746,9.804589,1601286306464
-0.108571485,0.16784908,9.804612,1601286306468
-0.10807936,0.16670892,9.804637,1601286306473
-0.10798123,0.16535443,9.804661,1601286306478
-0.10823265,0.16382457,9.804685,1601286306484
-0.10868498,0.16234273,9.804705,1601286306488
-0.10901625,0.16098636,9.804723,1601286306493
-0.10913652,0.15975015,9.804741,1601286306497
-0.10914055,0.15875882,9.804758,1601286306503
-0.10902092,0.15817079,9.804769,1601286306508
-0.108860746,0.157943,9.804774,1601286306513
-0.10856194,0.15811665,9.804774,1601286306520
-0.10813593,0.15856044,9.804772,1601286306524
-0.10769829,0.15913954,9.804768,1601286306527
-0.107154064,0.15958568,9.804767,1601286306537
-0.106679104,0.15977703,9.804768,1601286306539
-0.106353365,0.15973637,9.804772,1601286306543
-0.10618458,0.15938434,9.80478,1601286306548
-0.10605318,0.15871787,9.804791,1601286306555
-0.10597384,0.15790588,9.804807,1601286306558
-0.105731145,0.1568705,9.804826,1601286306563
-0.10534259,0.15551788,9.804852,1601286306571
-0.10490045,0.15402588,9.804879,1601286306573
-0.10447943,0.15275617,9.804904,1601286306579
-0.10424511,0.15159042,9.804925,1601286306587
-0.10401967,0.1507119,9.80494,1601286306589
-0.10358335,0.14998648,9.8049555,1601286306594
-0.102913685,0.14924198,9.804975,1601286306598
-0.10212542,0.14844069,9.804995,1601286306604
-0.10130624,0.14754312,9.8050165,1601286306609
-0.100569814,0.14644882,9.805041,1601286306614
-0.10004552,0.14507136,9.805066,1601286306621
-0.099698514,0.1433835,9.805095,1601286306623
-0.099693105,0.14141256,9.805123,1601286306628
-0.100135155,0.13938925,9.805148,1601286306639
-0.100929834,0.13748291,9.805166,1601286306639
-0.101939775,0.13574986,9.805181,1601286306645
-0.102877654,0.1343777,9.80519,1601286306648
-0.10351879,0.13358565,9.805194,1601286306658
-0.10378285,0.13339508,9.805193,1601286306661
-0.10384019,0.13388206,9.805186,1601286306665
-0.10355034,0.13495083,9.805175,1601286306671
-0.10301492,0.13621315,9.805163,1601286306674
-0.10229975,0.13771243,9.805149,1601286306681
-0.1014405,0.13911931,9.805139,1601286306690
-0.100604124,0.14015904,9.805133,1601286306692
-0.09981505,0.14085132,9.805131,1601286306695
-0.0994028,0.1408831,9.805134,1601286306704
-0.0993517,0.14026795,9.805144,1601286306706
-0.0995216,0.13905613,9.80516,1601286306708
-0.09977048,0.13745439,9.805179,1601286306714
-0.09996135,0.135879,9.805199,1601286306720
-0.10001022,0.1345094,9.805217,1601286306725
-0.099633746,0.13336241,9.805237,1601286306728
-0.09890558,0.13250202,9.805256,1601286306737
-0.09797418,0.13205077,9.805271,1601286306741
-0.096883535,0.13218273,9.80528,1601286306745
-0.09574708,0.13313086,9.80528,1601286306752
-0.0943558,0.13478966,9.80527,1601286306757
-0.092697196,0.13697915,9.805256,1601286306758
-0.09089231,0.13949671,9.805237,1601286306768
-0.089089125,0.14221345,9.805215,1601286306770
-0.08753285,0.14497127,9.805187,1601286306779
-0.08621724,0.14753152,9.8051605,1601286306780
-0.08498262,0.14983502,9.805138,1601286306790
-0.08383423,0.15186243,9.805116,1601286306792
-0.08287127,0.15353893,9.805098,1601286306795
-0.08203465,0.1547926,9.805085,1601286306803
-0.08133848,0.15568252,9.805077,1601286306805
-0.08071809,0.15628114,9.805073,1601286306809
-0.080181494,0.15653269,9.805073,1601286306814
-0.07977217,0.15663464,9.805075,1601286306825
-0.07944601,0.15666287,9.805077,1601286306829
-0.07922321,0.15673538,9.805077,1601286306830
-0.0791589,0.15678485,9.805078,1601286306836
-0.07916602,0.15685526,9.805077,1601286306846
-0.079317264,0.15716355,9.80507,1601286306850
-0.07946844,0.15763353,9.805061,1601286306852
-0.07962088,0.15806076,9.805053,1601286306860
-0.079731524,0.15841685,9.805046,1601286306862
-0.07973782,0.1586688,9.805042,1601286306866
-0.07984416,0.15880722,9.805038,1601286306873
-0.08020467,0.15881193,9.805037,1601286306876
-0.08088926,0.15857059,9.805035,1601286306879
-0.08195981,0.15820591,9.805032,1601286306887
-0.08330786,0.15759888,9.805029,1601286306889
-0.08487971,0.15688913,9.805029,1601286306894
-0.08639548,0.15613541,9.805027,1601286306902
-0.08773531,0.15549287,9.805025,1601286306904
-0.088905916,0.1549565,9.805023,1601286306909
-0.08990262,0.15445697,9.805021,1601286306914
-0.09074351,0.15404601,9.80502,1601286306919
-0.09118357,0.15360768,9.805023,1601286306925
-0.091299795,0.15325326,9.805028,1601286306930
-0.09122034,0.15296099,9.805033,1601286306934
-0.09089365,0.152752,9.805039,1601286306940
-0.09040428,0.15251169,9.805048,1601286306944
-0.08977083,0.15215452,9.8050585,1601286306952
-0.08903089,0.15173157,9.805073,1601286306955
-0.08814683,0.15125096,9.805088,1601286306959
-0.08736993,0.15081985,9.8051,1601286306966
-0.08670615,0.15052295,9.805111,1601286306974
-0.086226255,0.15043661,9.805117,1601286306976
-0.08589397,0.15056993,9.805118,1601286306980
-0.08564252,0.15098459,9.805114,1601286306987
-0.08518905,0.15171428,9.805107,1601286306990
-0.0845326,0.15263578,9.805098,1601286306995
-0.083815865,0.15372206,9.805087,1601286307006
-0.082934715,0.15487918,9.805076,1601286307009
-0.08177481,0.15607834,9.805067,1601286307012
-0.08049199,0.15731327,9.805058,1601286307015
-0.07912406,0.15850289,9.80505,1601286307022
-0.077897,0.15946631,9.805044,1601286307027
-0.07675423,0.1603523,9.805038,1601286307030
-0.075300515,0.16132037,9.805035,1601286307036
-0.07331299,0.16231345,9.805033,1601286307039
-0.07105145,0.163418,9.805031,1601286307044
-0.06857071,0.16486974,9.805024,1601286307052
-0.0660933,0.16681027,9.805009,1601286307054
-0.065765105,0.16719985,9.805004,1601286307060
-0.06538045,0.16784047,9.804996,1601286307070
-0.06492066,0.16859286,9.804985,1601286307073
-0.06440238,0.16924399,9.804978,1601286307076
-0.06390471,0.16958696,9.8049755,1601286307081
-0.06337688,0.16943619,9.804981,1601286307090
-0.062746964,0.16876644,9.804997,1601286307094
-0.06179769,0.1679333,9.805017,1601286307095
-0.060362276,0.1677553,9.805029,1601286307103
-0.0580226,0.16947275,9.805014,1601286307106
-0.054200027,0.1749395,9.80494,1601286307109
-0.047776148,0.18592742,9.804771,1601286307121
-0.03752085,0.20407005,9.804455,1601286307123
-0.022296868,0.2309121,9.803906,1601286307127
-0.0014026867,0.2671973,9.803009,1601286307132
0.025646472,0.31386518,9.801592,1601286307138
0.058901753,0.37116536,9.799447,1601286307140
0.09837698,0.4394503,9.796305,1601286307144
0.14267193,0.5173283,9.791956,1601286307151
0.19104491,0.6044532,9.7861395,1601286307155
0.24267167,0.7000263,9.778623,1601286307160
0.2970893,0.803809,9.769136,1601286307170
0.35280168,0.91383934,9.757603,1601286307171
0.4097855,1.0301228,9.743783,1601286307176
0.46863976,1.1528091,9.727373,1601286307186
0.5285857,1.2798342,9.708398,1601286307190
0.58959734,1.4115299,9.686607,1601286307192
0.65129167,1.5484324,9.661706,1601286307196
0.7121557,1.6886377,9.633884,1601286307203
0.77199733,1.8328674,9.602864,1601286307207
0.8304566,1.9809875,9.568512,1601286307210
0.8876296,2.133822,9.530441,1601286307221
0.94259125,2.2892118,9.489017,1601286307224
0.99547195,2.4476192,9.443971,1601286307228
1.046645,2.6095753,9.394947,1601286307231
1.0954131,2.7726288,9.342536,1601286307240
1.141539,2.93747,9.28647,1601286307241
1.1851063,3.104834,9.226371,1601286307246
1.2256598,3.2728868,9.162769,1601286307252
1.2640203,3.4429045,9.095001,1601286307255
1.3008835,3.6153255,9.022611,1601286307262
1.336976,3.7918065,8.944555,1601286307269
1.3720264,3.970721,8.861225,1601286307270
1.4063166,4.1534176,8.771646,1601286307277
1.4398181,4.340936,8.674883,1601286307284
1.4710689,4.53033,8.572191,1601286307288
1.4994441,4.7219906,8.463147,1601286307291
1.5242673,4.915163,8.347943,1601286307302
1.5452002,5.110245,8.226065,1601286307304
1.561465,5.3040357,8.099347,1601286307306
1.5725418,5.496868,7.9675555,1601286307312
1.5780579,5.688988,7.830424,1601286307319
1.5775453,5.8772016,7.69027,1601286307322
1.5705779,6.062054,7.546864,1601286307326
1.5570102,6.2430625,7.4006944,1601286307338
1.5371171,6.420719,7.2513456,1601286307342
1.5120915,6.5923595,7.10104,1601286307344
1.4830786,6.758593,6.9492645,1601286307346
1.4509695,6.920155,6.7953315,1601286307350
1.4167356,7.075095,6.641255,1601286307356
1.3802761,7.2248054,6.485939,1601286307361
1.34135,7.3697696,6.3291125,1601286307367
1.2992387,7.511458,6.1693077,1601286307370
1.254072,7.648633,6.0080023,1601286307377
1.2053928,7.7822995,5.8440766,1601286307383
1.1526238,7.9132257,5.676504,1601286307386
1.0964754,8.039572,5.5075793,1601286307391
1.036578,8.161774,5.336791,1601286307398
0.9726535,8.279476,5.1647444,1601286307404
0.9037801,8.392983,4.99113,1601286307407
0.8305696,8.500451,4.8190107,1601286307412
0.75285155,8.602046,4.6484833,1601286307418
0.67075247,8.697866,4.4796877,1601286307421
0.58568954,8.78627,4.316111,1601286307427
0.49727336,8.867636,4.1579003,1601286307434
0.40556955,8.941873,4.0060987,1601286307438
0.310352,9.009409,3.860648,1601286307443
0.21332528,9.069567,3.723955,1601286307453
0.11457486,9.123054,3.5954356,1601286307454
0.0150155565,9.170451,3.4746208,1601286307457
-0.085012056,9.212741,3.3598473,1601286307461
-0.1833879,9.250149,3.2513838,1601286307467
-0.2801498,9.283545,3.1476517,1601286307473
-0.37560314,9.313642,3.0471928,1601286307477
-0.46849358,9.340571,2.9503589,1601286307483
-0.55933136,9.364911,2.8558671,1601286307488
-0.6487585,9.387092,2.7626092,1601286307492
-0.73592466,9.4071,2.6711943,1601286307502
-0.82190675,9.425247,2.580616,1601286307503
-0.9079033,9.441745,2.4898896,1601286307508
-0.99357444,9.456372,2.4000456,1601286307513
-1.0801556,9.469163,2.3105426,1601286307523
-1.1682341,9.479978,2.2216263,1601286307525
-1.2586744,9.488725,2.1331267,1601286307527
-1.3503639,9.495174,2.0465972,1601286307534
-1.4434513,9.499329,1.9620363,1601286307536
-1.5382172,9.501171,1.8793665,1601286307543
-1.6332967,9.500668,1.8000118,1601286307548
-1.7287452,9.497939,1.7236536,1601286307553
-1.824089,9.493107,1.6504583,1601286307558
-1.9194636,9.4863,1.5799227,1601286307561
-2.0133865,9.477794,1.5126376,1601286307571
-2.1060643,9.467794,1.447673,1601286307573
-2.1977527,9.456463,1.3840476,1601286307576
-2.287436,9.444053,1.3220792,1601286307587
-2.375811,9.430594,1.2608726,1601286307589
-2.4631984,9.416132,1.199791,1601286307592
-2.5505645,9.400539,1.1379263,1601286307600
-2.637292,9.383924,1.0756701,1601286307601
-2.724227,9.366099,1.0124973,1601286307607
-2.8119414,9.346899,0.9480754,1601286307612
-2.902176,9.325511,0.8846622,1601286307616
-2.9959612,9.301526,0.82231504,1601286307621
-3.091041,9.275671,0.7601148,1601286307626
-3.1862895,9.248283,0.69799036,1601286307632
-3.2797465,9.21989,0.63819593,1601286307637
-3.3718162,9.190356,0.58188885,1601286307643
-3.462621,9.159732,0.5291146,1601286307647
-3.5502949,9.128825,0.47994822,1601286307652
-3.6348686,9.097791,0.43396696,1601286307656
-3.716215,9.066796,0.39157853,1601286307664
-3.7950745,9.035662,0.3530314,1601286307670
-3.8707912,9.004767,0.31862807,1601286307673
-3.9440799,8.97396,0.28754696,1601286307677
-4.015824,8.94295,0.25920328,1601286307684
-4.085707,8.911942,0.23384672,1601286307686
-4.154558,8.880626,0.21098545,1601286307691
-4.2225895,8.848955,0.19007827,1601286307700
-4.290203,8.816775,0.17036615,1601286307702
-4.3565884,8.784502,0.15182526,1601286307707
-4.421835,8.752128,0.13427103,1601286307712
-4.485388,8.719969,0.11759485,1601286307719
-4.546966,8.688219,0.10165091,1601286307722
-4.605317,8.657592,0.08681064,1601286307728
-4.660313,8.628237,0.07342665,1601286307736
-4.712001,8.60021,0.06167909,1601286307738
-4.759797,8.5739155,0.0518515,1601286307743
-4.8040113,8.549266,0.043921586,1601286307749
-4.8449073,8.526184,0.037991393,1601286307757
-4.8830776,8.504397,0.034144435,1601286307760
-4.9186087,8.483905,0.032273654,1601286307762
-4.9521146,8.46439,0.032289505,1601286307769
-4.9841094,8.445584,0.033864398,1601286307771
-5.0146747,8.427461,0.036665414,1601286307781
-5.0444174,8.409674,0.040324733,1601286307783
-5.073966,8.391859,0.044452313,1601286307790
-5.1032267,8.374074,0.048594914,1601286307793
-5.1324553,8.356168,0.052366618,1601286307801
-5.161782,8.338062,0.055784192,1601286307805
-5.190861,8.319968,0.05892843,1601286307808
-5.219872,8.301775,0.062105488,1601286307815
-5.2489505,8.283393,0.06556664,1601286307817
-5.2783723,8.264645,0.069422714,1601286307822
-5.3077035,8.245801,0.07370767,1601286307828
-5.3369756,8.226842,0.078423366,1601286307833
-5.366299,8.207695,0.08348952,1601286307837
-5.395249,8.188639,0.088715,1601286307843
-5.4239416,8.169602,0.0940644,1601286307850
-5.452494,8.150507,0.099647574,1601286307853
-5.4804635,8.131655,0.10539082,1601286307858
-5.507971,8.112968,0.11131209,1601286307864
-5.5349817,8.09448,0.117365785,1601286307867
-5.561478,8.076205,0.12352905,1601286307873
-5.5870595,8.058432,0.12970728,1601286307880
-5.6118255,8.041106,0.1356971,1601286307884
-5.635773,8.024244,0.14128663,1601286307887
-5.6589785,8.007806,0.14625527,1601286307891
-5.681105,7.992049,0.15029432,1601286307901
-5.702237,7.9769273,0.15332602,1601286307903
-5.722416,7.9624267,0.15523212,1601286307907
-5.7413845,7.9487453,0.15599333,1601286307917
-5.759318,7.9357643,0.15582523,1601286307919
-5.7761374,7.923553,0.15477325,1601286307922
-5.791913,7.912062,0.15293439,1601286307932
-5.8063784,7.9015036,0.15037258,1601286307936
-5.819544,7.89187,0.14729264,1601286307938
-5.831417,7.883161,0.1440202,1601286307942
-5.8419814,7.875392,0.1408409,1601286307950
-5.8514667,7.868402,0.1377624,1601286307953
-5.8600535,7.8620605,0.13476564,1601286307957
-5.867932,7.856235,0.1316469,1601286307964
-5.8750486,7.8509707,0.12830047,1601286307968
-5.8814206,7.84626,0.1244648,1601286307972
-5.8869896,7.8421526,0.11995839,1601286307981
-5.8913665,7.838943,0.114761926,1601286307984
-5.894426,7.836727,0.10873578,1601286307989
-5.895967,7.8356605,0.10190674,1601286307993
-5.8959064,7.835801,0.09428315,1601286307999
-5.894256,7.837138,0.08599598,1601286308002
-5.8911705,7.8395514,0.077017814,1601286308008
-5.8867297,7.842974,0.06747415,1601286308013
-5.8810387,7.847324,0.057416752,1601286308017
-5.8744226,7.852345,0.04701231,1601286308022
-5.8671083,7.857869,0.036205743,1601286308033
-5.8592463,7.8637776,0.024933675,1601286308035
-5.8511105,7.869861,0.013277946,1601286308038
-5.8427796,7.8760595,0.0010547978,1601286308042
-5.8344,7.8822594,-0.011943611,1601286308049
-5.8260393,7.888409,-0.02560863,1601286308053
-5.8177156,7.8944902,-0.039886415,1601286308058
-5.809375,7.900543,-0.054501332,1601286308064
-5.8010015,7.906578,-0.06935974,1601286308068
-5.792652,7.912553,-0.08415592,1601286308073
-5.7842674,7.918516,-0.09874298,1601286308085
-5.7756968,7.9245787,-0.112971164,1601286308089
-5.7669587,7.930737,-0.12644969,1601286308094
-5.7579603,7.9370604,-0.13915382,1601286308097
-5.7486424,7.943591,-0.15120882,1601286308099
-5.7390103,7.9503326,-0.16233723,1601286308108
-5.729052,7.957297,-0.17257206,1601286308112
-5.7187495,7.9645,-0.18172742,1601286308114
-5.708124,7.971931,-0.18977185,1601286308123
-5.6973515,7.97947,-0.19656275,1601286308127
-5.686508,7.987064,-0.20203902,1601286308130
-5.6756244,7.994697,-0.20615636,1601286308138
-5.6649942,8.002165,-0.20876688,1601286308140
-5.6547704,8.009362,-0.20993574,1601286308142
-5.645131,8.016166,-0.20970991,1601286308149
-5.636489,8.022282,-0.20827156,1601286308153
-5.629003,8.0276,-0.20579012,1601286308158
-5.6227956,8.03203,-0.20259917,1601286308166
-5.6178274,8.035598,-0.19890001,1601286308170
-5.6141715,8.038246,-0.19504438,1601286308174
-5.611782,8.040007,-0.19126968,1601286308183
-5.610539,8.040955,-0.18786208,1601286308189
-5.6103125,8.041181,-0.18494947,1601286308193
-5.610828,8.040875,-0.18256006,1601286308196
-5.611758,8.040265,-0.18077536,1601286308206
-5.612955,8.039459,-0.17949313,1601286308208
-5.6141934,8.038612,-0.17866516,1601286308209
-5.615359,8.037811,-0.17807625,1601286308215
-5.6162624,8.037191,-0.17758395,1601286308219
-5.6166716,8.036918,-0.17704639,1601286308224
-5.6163435,8.037159,-0.17648467,1601286308231
-5.6152115,8.037962,-0.17597751,1601286308234
-5.6132903,8.039311,-0.17556317,1601286308239
-5.6105795,8.041214,-0.1751222,1601286308247
-5.60715,8.043617,-0.17457435,1601286308248
-5.603082,8.046467,-0.17387643,1601286308254
-5.5984364,8.049718,-0.17302065,1601286308258
-5.593355,8.0532675,-0.17213337,1601286308263
-5.5879374,8.057047,-0.17130816,1601286308269
-5.582207,8.061031,-0.17065743,1601286308274
-5.5762453,8.065162,-0.17040028,1601286308280
-5.570216,8.06932,-0.17072678,1601286308285
-5.5642123,8.073441,-0.17170219,1601286308288
-5.558364,8.077434,-0.17335182,1601286308300
-5.5527997,8.08121,-0.17562412,1601286308303
-5.547629,8.084698,-0.17847808,1601286308309
-5.542965,8.087822,-0.18179694,1601286308312
-5.5387197,8.090646,-0.18551442,1601286308315
-5.534913,8.093161,-0.18940404,1601286308324
-5.5314646,8.095426,-0.19335341,1601286308329
-5.528368,8.097448,-0.19715641,1601286308330
-5.5256515,8.099216,-0.20060706,1601286308338
-5.523295,8.10075,-0.20356293,1601286308340
-5.521303,8.102048,-0.2059808,1601286308347
-5.519696,8.103098,-0.20771648,1601286308349
-5.518384,8.103967,-0.20872036,1601286308354
-5.5173664,8.104653,-0.20890108,1601286308359
-5.5166984,8.105124,-0.2082492,1601286308367
-5.516277,8.105445,-0.20692305,1601286308369
-5.5160546,8.105645,-0.20506175,1601286308374
-5.5160275,8.105719,-0.20285018,1601286308381
-5.5162477,8.105629,-0.20043957,1601286308386
-5.5167594,8.105346,-0.19781546,1601286308388
-5.5176015,8.104838,-0.19502197,1601286308400
-5.5186257,8.104209,-0.19221622,1601286308403
-5.5197334,8.103516,-0.18963504,1601286308410
-5.5208235,8.102823,-0.1875108,1601286308415
-5.5218368,8.102167,-0.18599118,1601286308417
-5.5226927,8.101602,-0.18527384,1601286308418
-5.523385,8.101125,-0.18542856,1601286308430
-5.523991,8.100688,-0.1864218,1601286308432
-5.5245457,8.100269,-0.18824175,1601286308434
-5.5251255,8.099813,-0.19074385,1601286308438
-5.525777,8.099296,-0.19389182,1601286308446
-5.526545,8.098683,-0.19754829,1601286308448
-5.527427,8.097986,-0.2013674,1601286308454
-5.5285134,8.097153,-0.2050865,1601286308465
-5.5298758,8.096139,-0.20831014,1601286308468
-5.5314736,8.09498,-0.21093664,1601286308470
-5.5331945,8.093751,-0.21294749,1601286308474
-5.5348754,8.092563,-0.21441042,1601286308481
-5.536376,8.091509,-0.21545216,1601286308484
-5.5375857,8.090663,-0.21612552,1601286308494
-5.5384727,8.090044,-0.21658763,1601286308496
-5.5389123,8.089731,-0.21695878,1601286308504
-5.53875,8.08983,-0.21743277,1601286308506
-5.5378966,8.090394,-0.21818855,1601286308514
-5.5363297,8.091432,-0.21948417,1601286308516
-5.5340137,8.092964,-0.22138253,1601286308518
-5.5311027,8.094884,-0.22389445,1601286308523
-5.52774,8.0971,-0.22681801,1601286308528
-5.5240765,8.099506,-0.23014781,1601286308533
-5.52036,8.101937,-0.23371851,1601286308540
-5.5167418,8.104293,-0.2374835,1601286308546
-5.5131702,8.10661,-0.24126805,1601286308548
-5.5096064,8.108919,-0.24505235,1601286308555
-5.5060925,8.1111965,-0.24863592,1601286308566
-5.502764,8.11335,-0.25204003,1601286308569
-5.499697,8.115331,-0.25522143,1601286308572
-5.4969206,8.117125,-0.257948,1601286308577
-5.4943743,8.118786,-0.2599459,1601286308579
-5.4920545,8.120324,-0.26090217,1601286308591
-5.489918,8.121774,-0.26070386,1601286308594
-5.4879546,8.123142,-0.2594026,1601286308596
-5.4860735,8.124491,-0.25696412,1601286308604
-5.484199,8.125865,-0.2534944,1601286308607
-5.482267,8.127306,-0.24904166,1601286308609
-5.480312,8.1287775,-0.24398805,1601286308614
-5.4784393,8.130202,-0.23851174,1601286308619
-5.4767056,8.131536,-0.2328028,1601286308627
-5.475093,8.132781,-0.22720425,1601286308629
-5.473613,8.133925,-0.22183295,1601286308634
-5.4722395,8.134986,-0.21676423,1601286308639
-5.4710145,8.13593,-0.21221273,1601286308650
-5.4699707,8.136737,-0.2081282,1601286308652
-5.4690866,8.137423,-0.2045405,1601286308655
-5.468437,8.137938,-0.20141552,1601286308666
-5.468096,8.138231,-0.19878374,1601286308669
-5.4681134,8.138273,-0.19653597,1601286308671
-5.46855,8.138028,-0.19456923,1601286308675
-5.4693046,8.137562,-0.19284554,1601286308683
-5.470321,8.136916,-0.19123262,1601286308686
-5.4715657,8.136115,-0.18968643,1601286308689
-5.473071,8.135137,-0.18818668,1601286308696
-5.474828,8.133989,-0.18674129,1601286308699
-5.4768295,8.132674,-0.18528442,1601286308703
-5.4790096,8.131241,-0.18376917,1601286308710
-5.481293,8.129735,-0.1822238,1601286308713
-5.4836106,8.128211,-0.18056242,1601286308721
-5.4859447,8.126676,-0.17876849,1601286308725
-5.48821,8.125187,-0.17687362,1601286308733
-5.490332,8.123796,-0.17490964,1601286308734
-5.4923096,8.122497,-0.17308752,1601286308740
-5.494134,8.121297,-0.17149545,1601286308744
-5.4957767,8.120212,-0.17030965,1601286308749
-5.497207,8.119259,-0.16956504,1601286308755
-5.4983335,8.118499,-0.16938667,1601286308761
-5.499112,8.117962,-0.16987565,1601286308764
-5.499575,8.117621,-0.17111653,1601286308769
-5.499668,8.117515,-0.17318515,1601286308777
-5.499316,8.117691,-0.17605507,1601286308780
-5.4984765,8.118181,-0.17970878,1601286308785
-5.4971733,8.118965,-0.18407312,1601286308793
-5.4954376,8.120022,-0.18920413,1601286308797
-5.4932837,8.12134,-0.1950835,1601286308806
-5.49072,8.122912,-0.20169254,1601286308810
-5.487766,8.124727,-0.20885643,1601286308811
-5.4844713,8.126753,-0.21644366,1601286308815
-5.480932,8.128935,-0.22403096,1601286308821
-5.4772325,8.13122,-0.2314484,1601286308830
-5.473228,8.133709,-0.23861046,1601286308832
-5.4689527,8.136384,-0.2453658,1601286308835
-5.464264,8.139344,-0.25156444,1601286308840
-5.459024,8.142689,-0.25704423,1601286308849
-5.4531465,8.146481,-0.26160252,1601286308851
-5.446698,8.15068,-0.26510453,1601286308855
-5.439687,8.155281,-0.2675518,1601286308860
-5.4321275,8.160273,-0.2689333,1601286308865
-5.4240603,8.165624,-0.26933813,1601286308870
-5.415732,8.1711645,-0.26889217,1601286308877
-5.4073024,8.17678,-0.2678391,1601286308880
-5.3989577,8.182341,-0.26634672,1601286308885
-5.3910546,8.187609,-0.26455575,1601286308893
-5.383786,8.192454,-0.26252156,1601286308898
-5.377297,8.196783,-0.2603958,1601286308900
-5.3717012,8.20052,-0.25826842,1601286308904
-5.3670874,8.2036,-0.25633696,1601286308910
-5.3634887,8.206008,-0.2545596,1601286308915
-5.3608303,8.207797,-0.25287318,1601286308921
-5.3591375,8.208951,-0.25128707,1601286308929
-5.3583493,8.209512,-0.24978529,1601286308930
-5.358381,8.209536,-0.24834612,1601286308935
-5.3590927,8.209112,-0.24693868,1601286308945
-5.3603864,8.208311,-0.24550414,1601286308949
-5.362103,8.207233,-0.24407436,1601286308951
-5.364064,8.205996,-0.24256808,1601286308955
-5.3661933,8.204648,-0.24104686,1601286308960
-5.3684216,8.203238,-0.23944621,1601286308964
-5.370687,8.201803,-0.23773512,1601286308970
-5.372913,8.200397,-0.23596087,1601286308981
-5.3750315,8.199062,-0.23405881,1601286308982
-5.376993,8.197836,-0.23202708,1601286308987
-5.3787746,8.196727,-0.22986306,1601286308994
-5.380333,8.195766,-0.22765441,1601286308995
-5.3817,8.194927,-0.22550997,1601286309000
-5.382977,8.1941395,-0.22366217,1601286309004
-5.384156,8.193399,-0.22240391,1601286309010
-5.3852944,8.192665,-0.22186862,1601286309015
-5.386537,8.191842,-0.22212477,1601286309022
-5.388082,8.190803,-0.2230026,1601286309026
-5.3900027,8.1895,-0.22438438,1601286309035
-5.392368,8.187893,-0.22621165,1601286309038
-5.3951735,8.185984,-0.22843714,1601286309042
-5.3983,8.183846,-0.23106213,1601286309050
-5.401741,8.181492,-0.23403296,1601286309053
-5.405394,8.178983,-0.23734109,1601286309055
-5.409132,8.1764,-0.24115114,1601286309060
-5.4128475,8.173812,-0.24550468,1601286309065
-5.416448,8.171277,-0.25041023,1601286309070
-5.419909,8.1688175,-0.25572628,1601286309076
-5.4231133,8.166515,-0.2612664,1601286309083
-5.426066,8.164372,-0.26685676,1601286309086
-5.4288235,8.162359,-0.27230975,1601286309093
-5.431318,8.160528,-0.2774285,1601286309099
-5.433558,8.158877,-0.28204942,1601286309104
-5.435502,8.157442,-0.28608784,1601286309110
-5.437216,8.156176,-0.28960404,1601286309113
-5.4387126,8.155069,-0.29265726,1601286309116
-5.4400425,8.154085,-0.29530704,1601286309126
-5.4413095,8.153159,-0.2975502,1601286309127
-5.442561,8.152265,-0.29915157,1601286309131
-5.4438586,8.15136,-0.30020246,1601286309137
-5.4451523,8.150473,-0.30084535,1601286309146
-5.4463887,8.149633,-0.3011854,1601286309151
-5.447596,8.148822,-0.30131108,1601286309153
-5.4488316,8.147999,-0.30120856,1601286309159
-5.4501443,8.147134,-0.3008782,1601286309161
-5.4516387,8.14616,-0.30018562,1601286309170
-5.453266,8.1451025,-0.29928142,1601286309171
-5.4549947,8.143989,-0.29809856,1601286309178
-5.4568434,8.142801,-0.2967353,1601286309180
-5.4588003,8.141545,-0.29517478,1601286309186
-5.460795,8.140271,-0.29341564,1601286309191
-5.4627976,8.138998,-0.29141706,1601286309196
-5.464777,8.137752,-0.28916112,1601286309200
-5.4667063,8.136542,-0.286678,1601286309206
-5.4685645,8.135386,-0.2840715,1601286309213
-5.4703684,8.134263,-0.28145388,1601286309217
-5.472092,8.133187,-0.2790357,1601286309221
-5.4737363,8.132154,-0.2768582,1601286309227
-5.475316,8.131162,-0.27477688,1601286309230
-5.4767885,8.130239,-0.27276468,1601286309236
-5.478205,8.129353,-0.27070737,1601286309243
-5.4795485,8.128519,-0.26854587,1601286309246
-5.48076,8.127775,-0.26630977,1601286309252
-5.4818997,8.127083,-0.26398936,1601286309262
-5.4829736,8.126434,-0.2616052,1601286309266
-5.483982,8.12583,-0.25925115,1601286309269
-5.484822,8.125335,-0.25700465,1601286309272
-5.4854546,8.124975,-0.25489712,1601286309281
-5.48583,8.12478,-0.25298563,1601286309284
-5.4859047,8.124784,-0.25123817,1601286309286
-5.485631,8.125017,-0.24965677,1601286309292
-5.4849596,8.125513,-0.24829336,1601286309295
-5.484642,8.125777,-0.24661812,1601286309301
-5.483877,8.126342,-0.24504527,1601286309308
-5.482681,8.127192,-0.2436548,1601286309311
-5.480984,8.128363,-0.24273522,1601286309315
-5.4788146,8.129828,-0.24259189,1601286309325
-5.47629,8.131514,-0.2431483,1601286309328
-5.4736304,8.133274,-0.24414599,1601286309331
-5.4706655,8.135229,-0.24544622,1601286309341
-5.467569,8.137268,-0.24683477,1601286309342
-5.4645166,8.139271,-0.24841227,1601286309345
-5.4616704,8.141129,-0.25017452,1601286309350
-5.459224,8.142711,-0.25204134,1601286309359
-5.457136,8.144056,-0.25376624,1601286309362
-5.455308,8.145237,-0.25518945,1601286309366
-5.4536676,8.146302,-0.25621334,1601286309372
-5.452088,8.147336,-0.2569852,1601286309385
-5.4505696,8.148331,-0.25768942,1601286309388
-5.44926,8.14918,-0.2584495,1601286309393
-5.44831,8.149789,-0.25932115,1601286309395
-5.4475985,8.150229,-0.26043227,1601286309399
-5.4470716,8.150546,-0.26153985,1601286309404
-5.446605,8.15082,-0.26268265,1601286309407
-5.4461985,8.151056,-0.2637833,1601286309416
-5.44565,8.151394,-0.26469454,1601286309418
-5.4446816,8.152022,-0.26522002,1601286309421
-5.443351,8.152901,-0.26555425,1601286309428
-5.4417467,8.153958,-0.26594388,1601286309433
-5.4397507,8.155275,-0.26645437,1601286309437
-5.437246,8.156919,-0.26724076,1601286309443
-5.434276,8.15886,-0.2683737,1601286309446
-5.4311347,8.160907,-0.26973397,1601286309451
-5.428097,8.162881,-0.27114204,1601286309458
-5.4254613,8.164591,-0.2724111,1601286309461
-5.423321,8.16598,-0.27339682,1601286309468
-5.4216056,8.167103,-0.27387923,1601286309476
-5.4202952,8.167976,-0.2737461,1601286309478
-5.419425,8.168576,-0.27311045,1601286309482
-5.4189982,8.168889,-0.2722092,1601286309487
-5.4191537,8.168814,-0.27136573,1601286309495
-5.4198785,8.168348,-0.2709064,1601286309498
-5.421024,8.167589,-0.2708465,1601286309501
-5.422568,8.166563,-0.2709029,1601286309510
-5.424467,8.165298,-0.27098584,1601286309513
-5.426575,8.163891,-0.2712169,1601286309516
-5.4286118,8.162525,-0.27156493,1601286309525
-5.43056,8.16122,-0.27184755,1601286309528
-5.432243,8.160102,-0.2717876,1601286309531
-5.4335794,8.1592245,-0.2714163,1601286309536
-5.434385,8.158709,-0.27079338,1601286309545
-5.434579,8.158608,-0.26988757,1601286309548
-5.4341536,8.158925,-0.2688865,1601286309552
-5.433048,8.159698,-0.2678036,1601286309560
-5.431551,8.160732,-0.26661587,1601286309564
-5.429733,8.161976,-0.265576,1601286309567
-5.4276366,8.163397,-0.26476437,1601286309578
-5.4253154,8.164961,-0.2641143,1601286309580
-5.422867,8.166603,-0.2636295,1601286309581
-5.4204164,8.168242,-0.26324123,1601286309591
-5.418038,8.169829,-0.2629659,1601286309592
-5.4158626,8.171278,-0.2627332,1601286309597
-5.4139395,8.172558,-0.26256967,1601286309602
-5.412285,8.173655,-0.26254475,1601286309610
-5.411143,8.174405,-0.26275036,1601286309612
-5.4105644,8.1747675,-0.2633359,1601286309617
-5.4104977,8.17478,-0.2643556,1601286309624
-5.4108114,8.174526,-0.26579574,1601286309626
-5.41136,8.174105,-0.26755604,1601286309633
-5.411951,8.173648,-0.26954463,1601286309643
-5.412604,8.173147,-0.27161315,1601286309651
-5.413249,8.17265,-0.27368766,1601286309655
-5.413932,8.172133,-0.27560294,1601286309658
-5.4146047,8.171632,-0.27729017,1601286309659
-5.4150796,8.17127,-0.27866516,1601286309672
-5.4153495,8.171062,-0.279485,1601286309673
-5.415317,8.171069,-0.27990276,1601286309676
-5.415107,8.171204,-0.28006333,1601286309677
-5.4145694,8.17156,-0.2800702,1601286309682
-5.4137673,8.172098,-0.27988824,1601286309689
-5.412818,8.172737,-0.279568,1601286309691
-5.411813,8.17342,-0.2790527,1601286309697
-5.4110494,8.173937,-0.27868885,1601286309702
-5.4103746,8.17438,-0.27881697,1601286309707
-5.4098697,8.174698,-0.2793297,1601286309712
-5.409582,8.174865,-0.27999118,1601286309717
-5.4096,8.174828,-0.28073084,1601286309725
-5.409942,8.17457,-0.28165576,1601286309729
-5.4106326,8.174069,-0.28291246,1601286309733
-5.4117765,8.17325,-0.2846825,1601286309739
-5.4130826,8.172305,-0.28695604,1601286309743
-5.414365,8.171369,-0.28944957,1601286309747
-5.4154916,8.170534,-0.2919281,1601286309755
-5.4162655,8.169935,-0.29430878,1601286309758
-5.4167204,8.169546,-0.29671884,1601286309765
-5.416743,8.169445,-0.29910478,1601286309767
-5.4164433,8.169561,-0.30131468,1601286309773
-5.4157295,8.169959,-0.30337813,1601286309779
-5.414488,8.170724,-0.30491278,1601286309788
-5.4127555,8.1718445,-0.30563647,1601286309790
-5.410637,8.173258,-0.3053523,1601286309794
-5.4082685,8.174867,-0.30425292,1601286309804
-5.4056864,8.1766405,-0.3024652,1601286309808
-5.4027524,8.1786585,-0.30033374,1601286309810
-5.399592,8.180829,-0.29803059,1601286309812
-5.3963437,8.183054,-0.29578012,1601286309817
-5.3930936,8.185264,-0.29390904,1601286309827
-5.3899426,8.187391,-0.2924551,1601286309829
-5.3868184,8.189484,-0.2914613,1601286309833
-5.383673,8.19157,-0.29088414,1601286309840
-5.38053,8.193642,-0.29072073,1601286309846
-5.3772755,8.195761,-0.29119477,1601286309848
-5.3738766,8.19795,-0.2923231,1601286309857
-5.3704047,8.200166,-0.2939642,1601286309859
-5.367106,8.2022505,-0.2960658,1601286309863
-5.36411,8.204125,-0.29838115,1601286309867
-5.3614836,8.205761,-0.30059564,1601286309877
-5.3592043,8.20719,-0.3022648,1601286309879
-5.357277,8.20841,-0.30328286,1601286309882
-5.355503,8.209546,-0.30385393,1601286309887
-5.354053,8.210484,-0.30406597,1601286309892
-5.3528695,8.211261,-0.30393425,1601286309897
-5.351891,8.211923,-0.30325466,1601286309905
-5.351064,8.212512,-0.3019023,1601286309907
-5.3503494,8.21304,-0.3001947,1601286309914
-5.3496857,8.213544,-0.2982611,1601286309917
-5.349001,8.214059,-0.29632753,1601286309922
-5.3482857,8.214597,-0.29431793,1601286309927
-5.3473783,8.215258,-0.29235423,1601286309932
-5.346253,8.216061,-0.290397,1601286309942
-5.3449554,8.216979,-0.28825715,1601286309946
-5.343462,8.218027,-0.28606957,1601286309950
-5.341878,8.2191305,-0.28393248,1601286309959
-5.3401303,8.220327,-0.28215533,1601286309961
-5.3382654,8.221581,-0.2809362,1601286309963
-5.3364134,8.222803,-0.28033054,1601286309968
-5.3345857,8.223996,-0.28011507,1601286309977
-5.3327885,8.22516,-0.2801854,1601286309979
-5.331074,8.226259,-0.2805323,1601286309984
-5.329633,8.227166,-0.2812902,1601286309993
-5.3286805,8.227752,-0.28223753,1601286309995
-5.328193,8.228033,-0.2832396,1601286309998
-5.3281193,8.228051,-0.2840688,1601286310007
-5.328324,8.227898,-0.284687,1601286310009
-5.3287206,8.227626,-0.285146,1601286310014
-5.3293934,8.227174,-0.2855907,1601286310018
-5.3303046,8.226573,-0.28586775,1601286310027
-5.3313274,8.225917,-0.285717,1601286310029
-5.3321958,8.225375,-0.28511003,1601286310032
-5.332823,8.225008,-0.28398472,1601286310039
-5.3332777,8.224756,-0.28269047,1601286310043
-5.333516,8.224645,-0.28146315,1601286310048
-5.3336744,8.224583,-0.28025636,1601286310055
-5.3337398,8.224587,-0.27886263,1601286310058
-5.3336406,8.224703,-0.277334,1601286310063
-5.3333936,8.224907,-0.27603993,1601286310073
-5.332921,8.225236,-0.2753647,1601286310078
-5.332311,8.22563,-0.2754228,1601286310081
-5.3318205,8.225932,-0.27590767,1601286310084
-5.3314657,8.226137,-0.27663514,1601286310091
-5.33134,8.226183,-0.27767757,1601286310093
-5.3315706,8.225987,-0.2790827,1601286310101
-5.331967,8.225672,-0.28080332,1601286310103
-5.332387,8.225336,-0.2826335,1601286310113
-5.3328595,8.224968,-0.284448,1601286310115
-5.3332763,8.224641,-0.2860947,1601286310119
-5.333536,8.2244215,-0.28754875,1601286310126
-5.333825,8.224194,-0.28866404,1601286310128
-5.3341527,8.223953,-0.28946167,1601286310133
-5.33458,8.223663,-0.28983036,1601286310138
-5.3352404,8.223239,-0.28973648,1601286310142
-5.336254,8.222607,-0.28899002,1601286310149
-5.3377223,8.221705,-0.28750837,1601286310153
-5.3396177,8.22055,-0.28538498,1601286310159
-5.341767,8.219247,-0.28269008,1601286310165
-5.3439603,8.217918,-0.27980995,1601286310173
-5.3461204,8.21661,-0.27697483,1601286310176
-5.3482823,8.215285,-0.27451807,1601286310180
-5.350133,8.214144,-0.27257943,1601286310189
-5.3517475,8.2131405,-0.27111116,1601286310190
-5.352868,8.212441,-0.27015892,1601286310194
-5.3535843,8.211986,-0.26984555,1601286310199
-5.3538756,8.211784,-0.2701838,1601286310206
-5.3537903,8.211806,-0.2711958,1601286310208
-5.353013,8.2122555,-0.27294633,1601286310213
-5.351459,8.213191,-0.27524877,1601286310225
-5.349307,8.214506,-0.27783275,1601286310226
-5.346733,8.216089,-0.2805411,1601286310228
-5.343872,8.217862,-0.28314802,1601286310241
-5.3407984,8.219777,-0.2854972,1601286310243
-5.3375874,8.221793,-0.28751191,1601286310245
-5.3343945,8.223807,-0.2891592,1601286310248
-5.331332,8.225757,-0.29019314,1601286310253
-5.3286376,8.2274885,-0.290591,1601286310259
-5.326456,8.2289095,-0.29034838,1601286310263
-5.3247414,8.230051,-0.28944448,1601286310270
-5.3235636,8.23086,-0.28808227,1601286310273
-5.3228884,8.231353,-0.28653052,1601286310279
-5.3225765,8.231616,-0.28472456,1601286310290
-5.322407,8.231795,-0.28272745,1601286310291
-5.3224163,8.23186,-0.28064317,1601286310294
-5.322339,8.231978,-0.2785845,1601286310301
-5.322061,8.232218,-0.27685097,1601286310305
-5.3214984,8.232629,-0.27544358,1601286310314
-5.3205814,8.233255,-0.27439424,1601286310316
-5.3192954,8.234111,-0.27369434,1601286310320
-5.317583,8.235233,-0.273176,1601286310329
-5.3155713,8.236542,-0.27289686,1601286310330
-5.3134847,8.237888,-0.27288345,1601286310334
-5.311465,8.239177,-0.2732744,1601286310340
-5.3096066,8.240355,-0.27390477,1601286310345
-5.308041,8.241341,-0.2745662,1601286310350
-5.3068,8.242119,-0.2752342,1601286310354
-5.306119,8.242539,-0.2757442,1601286310358
-5.30595,8.2426405,-0.27598968,1601286310363
-5.3063316,8.242397,-0.27591288,1601286310368
-5.3072357,8.241827,-0.2755365,1601286310373
-5.3084483,8.241062,-0.275056,1601286310379
-5.309931,8.240121,-0.27464852,1601286310387
-5.3117437,8.238959,-0.2744458,1601286310391
-5.3140516,8.2374735,-0.27434802,1601286310393
-5.3168187,8.235684,-0.27449635,1601286310405
-5.3199053,8.233674,-0.274977,1601286310408
-5.323069,8.231598,-0.2758672,1601286310410
-5.326179,8.229541,-0.2772278,1601286310415
-5.3291025,8.227597,-0.27873233,1601286310423
-5.3317137,8.225856,-0.2802162,1601286310425
-5.3339887,8.224327,-0.28177226,1601286310430
-5.3358974,8.22303,-0.2834635,1601286310439
-5.3375435,8.221896,-0.28538167,1601286310440
-5.338901,8.220943,-0.28743383,1601286310444
-5.3400817,8.220097,-0.2896857,1601286310454
-5.3410354,8.21939,-0.2921703,1601286310456
-5.3417845,8.2188015,-0.29501146,1601286310460
-5.3422747,8.218371,-0.29810727,1601286310464
-5.342772,8.217932,-0.30133116,1601286310469
-5.343446,8.217367,-0.3047008,1601286310474
-5.3445883,8.2165,-0.3080378,1601286310479
-5.3462343,8.215313,-0.31113297,1601286310485
-5.3482466,8.21391,-0.3135792,1601286310488
-5.3504868,8.212385,-0.31528783,1601286310493
-5.3527637,8.210861,-0.31634435,1601286310502
-5.355073,8.209338,-0.31677538,1601286310507
-5.3572674,8.207908,-0.31674424,1601286310510
-5.3594346,8.206507,-0.3163587,1601286310514
-5.36149,8.205189,-0.31573507,1601286310520
-5.36322,8.204094,-0.3147837,1601286310523
-5.364415,8.203361,-0.31354812,1601286310529
-5.365006,8.203029,-0.31213716,1601286310536
-5.364897,8.203148,-0.31085053,1601286310539
-5.36401,8.203768,-0.30981952,1601286310545
-5.3623953,8.204851,-0.3090769,1601286310553
-5.3601995,8.206305,-0.30854273,1601286310555
-5.3576093,8.20802,-0.30792588,1601286310559
-5.3547034,8.209942,-0.30720475,1601286310563
-5.351724,8.211923,-0.30618745,1601286310572
-5.348783,8.213876,-0.3052071,1601286310575
-5.346071,8.215676,-0.3042853,1601286310579
-5.343657,8.217279,-0.30339572,1601286310588
-5.341663,8.218607,-0.30254573,1601286310592
-5.340261,8.219551,-0.3016211,1601286310595
-5.3395095,8.220072,-0.3007448,1601286310602
-5.3394775,8.220119,-0.29999006,1601286310604
-5.3399,8.219866,-0.29943243,1601286310610
-5.340743,8.219337,-0.29891232,1601286310616
-5.341953,8.218566,-0.2985153,1601286310624
-5.3434796,8.21758,-0.2982989,1601286310627
-5.345222,8.21645,-0.29822123,1601286310630
-5.346972,8.215313,-0.29818442,1601286310638
-5.3486824,8.214193,-0.29832223,1601286310641
-5.350027,8.213305,-0.2986855,1601286310645
-5.3509326,8.212687,-0.2994994,1601286310654
-5.3514805,8.212286,-0.3006512,1601286310657
-5.3518085,8.212019,-0.30211374,1601286310659
-5.3519726,8.211848,-0.3038353,1601286310664
-5.352175,8.211654,-0.30553588,1601286310670
-5.352468,8.2114105,-0.30695438,1601286310675
-5.3529553,8.211056,-0.30792573,1601286310679
-5.3536987,8.21055,-0.30847627,1601286310690
-5.3546376,8.209938,-0.30845094,1601286310691
-5.3559747,8.209088,-0.3079083,1601286310694
-5.3575892,8.208068,-0.3069931,1601286310702
-5.3595138,8.206848,-0.30600184,1601286310706
-5.36166,8.205479,-0.30514702,1601286310710
-5.363757,8.204127,-0.3045988,1601286310715
-5.365844,8.202782,-0.30409345,1601286310721
-5.3679657,8.20141,-0.30365092,1601286310724
-5.3699927,8.200101,-0.3031711,1601286310731
-5.3719234,8.1988535,-0.30271304,1601286310738
-5.373693,8.197708,-0.30232948,1601286310741
-5.3752446,8.196699,-0.30207646,1601286310746
-5.3766046,8.195809,-0.30202952,1601286310752
-5.377735,8.19506,-0.30225003,1601286310754
-5.378654,8.194438,-0.30275327,1601286310761
-5.37951,8.193854,-0.3033087,1601286310767
-5.3803525,8.193281,-0.3038679,1601286310770
-5.381147,8.19274,-0.30436665,1601286310776
-5.3818045,8.192293,-0.3048063,1601286310780
-5.3823113,8.191944,-0.30522734,1601286310787
-5.382703,8.191667,-0.3057621,1601286310790
-5.3830442,8.191425,-0.30623955,1601286310795
-5.3832498,8.191284,-0.30637217,1601286310803
-5.383362,8.191217,-0.30618826,1601286310805
-5.383614,8.191072,-0.30567107,1601286310811
-5.384142,8.190751,-0.30493817,1601286310817
-5.385068,8.190177,-0.30402368,1601286310820
-5.3863564,8.18937,-0.30293578,1601286310825
-5.38802,8.188325,-0.30161598,1601286310829
-5.389888,8.187156,-0.29996297,1601286310835
-5.391974,8.185853,-0.29801401,1601286310840
-5.3942647,8.184418,-0.29598898,1601286310846
-5.396533,8.182991,-0.29408193,1601286310854
-5.398758,8.181584,-0.29235625,1601286310857
-5.400888,8.18023,-0.2909112,1601286310860
-5.402764,8.17903,-0.28982073,1601286310869
-5.404309,8.178027,-0.28930584,1601286310871
-5.4055266,8.177218,-0.28943262,1601286310876
-5.4063153,8.176671,-0.29015955,1601286310886
-5.4067388,8.176344,-0.29147243,1601286310890
-5.4067864,8.176253,-0.29312336,1601286310892
-5.406461,8.176412,-0.29473805,1601286310895
-5.4057884,8.176804,-0.296146,1601286310901
-5.404984,8.177301,-0.2971113,1601286310905
-5.404308,8.177737,-0.2974243,1601286310910
-5.403864,8.17805,-0.2968912,1601286310921
-5.403754,8.178176,-0.29539365,1601286310922
-5.403983,8.178109,-0.29305473,1601286310926
-5.404408,8.1779375,-0.2900091,1601286310937
-5.4049582,8.177694,-0.2865824,1601286310937
-5.4055886,8.177402,-0.28303018,1601286310941
-5.4063206,8.177037,-0.27954775,1601286310947
-5.4071326,8.176608,-0.27637607,1601286310956
-5.4078054,8.176252,-0.2737196,1601286310956
-5.40818,8.176074,-0.27162617,1601286310961
-5.408193,8.176116,-0.27010837,1601286310968
-5.4079003,8.17634,-0.26921272,1601286310971
-5.407328,8.176723,-0.2690784,1601286310976
-5.406579,8.177204,-0.26951343,1601286310986
-5.4055977,8.177819,-0.27048033,1601286310987
-5.4044385,8.178545,-0.27173215,1601286310991
-5.4030046,8.17945,-0.27300188,1601286310996
-5.4013944,8.180469,-0.27432233,1601286311006
-5.3996663,8.181569,-0.2755418,1601286311008
-5.3980207,8.182617,-0.27666378,1601286311010
-5.3965163,8.183573,-0.27773088,1601286311018
-5.395083,8.184482,-0.27877298,1601286311021
-5.393714,8.185354,-0.2796474,1601286311026
-5.39251,8.186129,-0.28019974,1601286311031
-5.39125,8.186945,-0.28059116,1601286311037
-5.390007,8.187753,-0.28090027,1601286311042
-5.388814,8.188532,-0.2810913,1601286311048
-5.387878,8.189139,-0.28137252,1601286311056
-5.3870177,8.189693,-0.28166297,1601286311058
-5.3862,8.190225,-0.2818633,1601286311061
-5.3854084,8.190744,-0.28189564,1601286311067
-5.384683,8.191221,-0.2818678,1601286311071
-5.383965,8.191692,-0.2818968,1601286311078
-5.383266,8.192147,-0.282034,1601286311087
-5.382583,8.192589,-0.28229645,1601286311091
-5.3817363,8.19313,-0.28273386,1601286311092
-5.3807397,8.193756,-0.28353003,1601286311096
-5.3796663,8.194422,-0.28464946,1601286311101
-5.378691,8.195014,-0.2860419,1601286311106
-5.377827,8.195527,-0.28756958,1601286311110
-5.3770885,8.195958,-0.2890962,1601286311117
-5.3766227,8.196216,-0.29044184,1601286311121
-5.376528,8.196242,-0.29148751,1601286311126
-5.3767595,8.19607,-0.2920427,1601286311133
-5.3773074,8.195711,-0.29202163,1601286311137
-5.378132,8.195193,-0.29137298,1601286311145
-5.3792377,8.194517,-0.28998467,1601286311148
-5.3803787,8.193834,-0.28806186,1601286311157
-5.3814616,8.193206,-0.28570876,1601286311159
-5.382453,8.192642,-0.28321102,1601286311163
-5.3834653,8.192064,-0.28067765,1601286311165
-5.3846135,8.191393,-0.27823403,1601286311173
-5.3859987,8.190558,-0.27595848,1601286311179
-5.387761,8.189467,-0.27395377,1601286311183
-5.3897095,8.188247,-0.2720787,1601286311188
-5.39192,8.186853,-0.27023908,1601286311197
-5.394345,8.185318,-0.26832196,1601286311199
-5.3970814,8.183573,-0.26651463,1601286311202
-5.400051,8.181662,-0.26503503,1601286311205
-5.4030724,8.179697,-0.26411822,1601286311211
-5.405954,8.177798,-0.26394197,1601286311217
-5.408753,8.175928,-0.26453677,1601286311224
-5.4112825,8.1742115,-0.2658516,1601286311225
-5.413388,8.172759,-0.26763073,1601286311238
-5.415076,8.171571,-0.26977733,1601286311241
-5.4164567,8.170576,-0.27213672,1601286311244
-5.4175835,8.169745,-0.27468207,1601286311252
-5.4185386,8.169024,-0.27727535,1601286311254
-5.419325,8.168427,-0.27944028,1601286311256
-5.4199514,8.167964,-0.28085512,1601286311265
-5.42048,8.1676035,-0.28116623,1601286311266
-5.420832,8.167394,-0.28044572,1601286311271
-5.4209185,8.167395,-0.2787735,1601286311277
-5.420665,8.167644,-0.27636784,1601286311282
-5.420058,8.168145,-0.27343348,1601286311286
-5.4191904,8.168826,-0.27027288,1601286311290
-5.4180665,8.169682,-0.26687998,1601286311300
-5.4167256,8.170681,-0.26350573,1601286311304
-5.415284,8.171733,-0.2604989,1601286311306
-5.413796,8.172797,-0.25807044,1601286311312
-5.412387,8.173783,-0.25638834,1601286311318
-5.410908,8.1747875,-0.25554562,1601286311321
-5.409397,8.175789,-0.25549328,1601286311326
-5.407819,8.176811,-0.2562136,1601286311331
-5.406375,8.177723,-0.25756502,1601286311336
-5.4048176,8.178693,-0.25945127,1601286311343
-5.403166,8.179713,-0.26169384,1601286311353
-5.401367,8.180825,-0.2640311,1601286311355
-5.399323,8.182101,-0.2662846,1601286311357
-5.3971086,8.183497,-0.2683048,1601286311363
-5.3947783,8.18498,-0.26991788,1601286311370
-5.392559,8.186406,-0.2710177,1601286311373
-5.3905597,8.187707,-0.27151883,1601286311378
-5.3889027,8.188798,-0.27144882,1601286311387
-5.38753,8.189723,-0.27084273,1601286311389
-5.386389,8.190511,-0.26968956,1601286311392
-5.3855233,8.19113,-0.26815933,1601286311401
-5.385483,8.191184,-0.26731092,1601286311403
-5.3855553,8.191158,-0.26667795,1601286311407
-5.385767,8.191031,-0.26628655,1601286311416
-5.3862343,8.190723,-0.26627094,1601286311417
-5.386967,8.190236,-0.26647794,1601286311422
-5.38796,8.189566,-0.2669949,1601286311427
-5.389165,8.188749,-0.26770788,1601286311435
-5.3904824,8.187853,-0.26860985,1601286311437
-5.3919125,8.186877,-0.26964825,1601286311441
-5.3933983,8.1858635,-0.27072203,1601286311448
-5.395134,8.184672,-0.27212933,1601286311453
-5.396753,8.183553,-0.27371442,1601286311456
-5.3981767,8.182557,-0.2753846,1601286311464
-5.3993587,8.181714,-0.27723196,1601286311472
-5.4003315,8.18101,-0.279076,1601286311475
-5.401204,8.180374,-0.28080717,1601286311479
-5.402025,8.179786,-0.28219557,1601286311482
-5.402905,8.179169,-0.2832191,1601286311491
-5.4039097,8.178483,-0.28383616,1601286311493
-5.404949,8.177791,-0.28397414,1601286311499
-5.4060564,8.177073,-0.2835852,1601286311502
-5.40733,8.176264,-0.28265077,1601286311507
-5.4088955,8.175273,-0.28130284,1601286311517
-5.4108253,8.174055,-0.2796173,1601286311519
-5.4131713,8.1725645,-0.2777836,1601286311522
-5.4160156,8.170748,-0.2757549,1601286311531
-5.419331,8.168623,-0.27357048,1601286311534
-5.4229064,8.166323,-0.27136493,1601286311536
-5.4265003,8.164002,-0.2693621,1601286311541
-5.430011,8.161724,-0.26761997,1601286311547
-5.4332604,8.159601,-0.2664165,1601286311551
-5.4361525,8.1577,-0.265623,1601286311557
-5.4385633,8.156109,-0.26514784,1601286311564
-5.4403477,8.154925,-0.26493347,1601286311567
-5.4414334,8.1542,-0.26496616,1601286311571
-5.4416213,8.154064,-0.2652767,1601286311577
-5.440889,8.154536,-0.2658093,1601286311585
-5.439254,8.1556015,-0.26656872,1601286311588
-5.4367795,8.157229,-0.26726288,1601286311594
-5.4335876,8.159343,-0.26766753,1601286311602
-5.4298024,8.161864,-0.26757783,1601286311606
-5.425523,8.164724,-0.2671377,1601286311608
-5.420876,8.1678295,-0.26655313,1601286311615
-5.4159656,8.171107,-0.26592538,1601286311617
-5.4110117,8.174417,-0.26506382,1601286311622
-5.4064474,8.177478,-0.2637426,1601286311631
-5.402478,8.180155,-0.26209065,1601286311632
-5.3992515,8.18234,-0.26036888,1601286311639
-5.3968687,8.183958,-0.2588682,1601286311644
-5.3969536,8.183897,-0.25902924,1601286311653
-5.397714,8.183384,-0.25940716,1601286311656
-5.39908,8.182463,-0.26006156,1601286311658
