-0.019119263,0.08189392,0.0382843,1601286302694
-0.01272583,0.071243286,0.048934937,1601286302698
-0.0063323975,0.05419922,0.056396484,1601286302710
0.0021972656,0.038223267,0.0617218,1601286302713
0.009643555,0.022247314,0.0617218,1601286302716
0.013916016,0.01159668,0.05958557,1601286302719
0.013916016,0.0062713623,0.05532837,1601286302722
0.01071167,0.004135132,0.05000305,1601286302730
0.0032653809,0.004135132,0.04360962,1601286302732
-0.0074005127,0.004135132,0.040405273,1601286302741
-0.021240234,0.004135132,0.0382843,1601286302742
-0.03616333,0.004135132,0.039352417,1601286302748
-0.051071167,0.004135132,0.042541504,1601286302755
-0.06491089,0.005203247,0.046798706,1601286302759
-0.07557678,0.010528564,0.048934937,1601286302763
-0.081954956,0.020111084,0.051071167,1601286302767
-0.08622742,0.033966064,0.052124023,1601286302775
-0.08834839,0.0446167,0.05319214,1601286302777
-0.091552734,0.057403564,0.052124023,1601286302782
-0.09262085,0.066986084,0.05000305,1601286302788
-0.09474182,0.069122314,0.04786682,1601286302792
-0.09687805,0.0680542,0.044677734,1601286302797
-0.09901428,0.06591797,0.04147339,1601286302805
-0.101135254,0.063797,0.037216187,1601286302809
-0.101135254,0.06272888,0.03189087,1601286302813
-0.101135254,0.063797,0.027633667,1601286302819
-0.10006714,0.06484985,0.023361206,1601286302829
-0.09687805,0.06591797,0.02017212,1601286302831
-0.091552734,0.06484985,0.018035889,1601286302836
-0.0851593,0.06272888,0.018035889,1601286302839
-0.07557678,0.057403564,0.018035889,1601286302849
-0.065979004,0.05101013,0.016983032,1601286302854
-0.05532837,0.043548584,0.015914917,1601286302856
-0.04360962,0.03289795,0.0137786865,1601286302863
-0.029769897,0.022247314,0.0105896,1601286302864
-0.016983032,0.013717651,0.007385254,1601286302870
-0.005264282,0.008392334,0.004196167,1601286302874
0.0021972656,0.005203247,0.0031280518,1601286302878
0.0053863525,0.005203247,0.0020599365,1601286302883
0.0043182373,0.009460449,0.0031280518,1601286302895
-0.0010070801,0.016921997,0.005264282,1601286302896
-0.0063323975,0.024383545,0.008453369,1601286302899
-0.011657715,0.031829834,0.012710571,1601286302910
-0.01272583,0.038223267,0.018035889,1601286302914
-0.008453369,0.041427612,0.02230835,1601286302921
-0.0010070801,0.038223267,0.026565552,1601286302923
0.007522583,0.028640747,0.029754639,1601286302925
0.018173218,0.014785767,0.030822754,1601286302928
0.026687622,-1.2207031E-4,0.029754639,1601286302938
0.035217285,-0.013977051,0.026565552,1601286302941
0.041610718,-0.026763916,0.023361206,1601286302943
0.04586792,-0.03314209,0.023361206,1601286302952
0.04586792,-0.03741455,0.024429321,1601286302955
0.042678833,-0.038467407,0.025497437,1601286302963
0.0362854,-0.03741455,0.025497437,1601286302964
0.025634766,-0.03314209,0.024429321,1601286302973
0.013916016,-0.026763916,0.021240234,1601286302975
-0.0010070801,-0.018234253,0.016983032,1601286302980
-0.0137786865,-0.009719849,0.012710571,1601286302984
-0.028701782,-0.0011901855,0.009521484,1601286302990
-0.041488647,0.004135132,0.0063171387,1601286302993
-0.053207397,0.0073242188,0.0031280518,1601286303000
-0.0617218,0.01159668,9.918213E-4,1601286303004
-0.06918335,0.013717651,-0.0032653809,1601286303010
-0.07450867,0.017990112,-0.008590698,1601286303015
-0.077697754,0.024383545,-0.014984131,1601286303022
-0.079833984,0.03289795,-0.022445679,1601286303024
-0.0809021,0.041427612,-0.029891968,1601286303030
-0.0809021,0.049942017,-0.03842163,1601286303034
-0.0809021,0.057403564,-0.04374695,1601286303045
-0.079833984,0.06591797,-0.049072266,1601286303047
-0.077697754,0.07337952,-0.052261353,1601286303049
-0.07344055,0.07763672,-0.052261353,1601286303055
-0.06704712,0.078704834,-0.05014038,1601286303060
-0.05958557,0.0765686,-0.04586792,1601286303065
-0.05000305,0.0723114,-0.041610718,1601286303072
-0.040420532,0.066986084,-0.037353516,1601286303076
-0.029769897,0.059524536,-0.0320282,1601286303081
-0.02017212,0.049942017,-0.02670288,1601286303088
-0.014846802,0.03929138,-0.019241333,1601286303091
-0.011657715,0.031829834,-0.011779785,1601286303093
-0.011657715,0.026504517,-0.0021972656,1601286303100
-0.011657715,0.024383545,0.0063171387,1601286303106
-0.0105896,0.022247314,0.016983032,1601286303109
-0.009521484,0.019042969,0.025497437,1601286303115
-0.005264282,0.016921997,0.030822754,1601286303122
-0.0010070801,0.013717651,0.035079956,1601286303125
0.0043182373,0.009460449,0.0382843,1601286303131
0.009643555,0.0030670166,0.04147339,1601286303140
0.017105103,-0.0011901855,0.04360962,1601286303142
0.02456665,9.460449E-4,0.044677734,1601286303147
0.0320282,0.0073242188,0.04360962,1601286303150
0.038406372,0.012664795,0.042541504,1601286303157
0.042678833,0.014785767,0.04147339,1601286303161
0.04373169,0.012664795,0.04147339,1601286303164
0.040542603,0.01159668,0.04147339,1601286303175
0.03414917,0.008392334,0.042541504,1601286303177
0.02456665,0.0030670166,0.04360962,1601286303179
0.016036987,-0.0022583008,0.04574585,1601286303190
0.008590698,-0.0054473877,0.04786682,1601286303192
0.0021972656,-0.010772705,0.05000305,1601286303197
-0.004196167,-0.015045166,0.052124023,1601286303200
-0.0105896,-0.020370483,0.051071167,1601286303210
-0.018051147,-0.024627686,0.051071167,1601286303215
-0.026565552,-0.0256958,0.052124023,1601286303218
-0.0340271,-0.024627686,0.054260254,1601286303221
-0.04360962,-0.024627686,0.05744934,1601286303229
-0.051071167,-0.024627686,0.05958557,1601286303231
-0.058532715,-0.024627686,0.060653687,1601286303237
-0.0617218,-0.022491455,0.0617218,1601286303239
-0.06278992,-0.017166138,0.0617218,1601286303244
-0.06278992,-0.01184082,0.060653687,1601286303254
-0.0617218,-0.008651733,0.05958557,1601286303255
-0.060653687,-0.007583618,0.058517456,1601286303260
-0.058532715,-0.008651733,0.058517456,1601286303264
-0.05532837,-0.013977051,0.060653687,1601286303271
-0.051071167,-0.020370483,0.06491089,1601286303274
-0.046813965,-0.0256958,0.07130432,1601286303278
-0.040420532,-0.031021118,0.077697754,1601286303285
-0.032958984,-0.036346436,0.0851593,1601286303290
-0.026565552,-0.039535522,0.093673706,1601286303294
-0.019119263,-0.04486084,0.101135254,1601286303307
-0.01272583,-0.051254272,0.1085968,1601286303312
-0.0063323975,-0.057647705,0.112854004,1601286303316
6.1035156E-5,-0.06297302,0.11392212,1601286303318
0.006454468,-0.06829834,0.112854004,1601286303321
0.0128479,-0.07255554,0.11071777,1601286303330
0.018173218,-0.07469177,0.10752869,1601286303333
0.023498535,-0.07255554,0.10220337,1601286303336
0.028823853,-0.06617737,0.09899902,1601286303345
0.033081055,-0.05871582,0.09580994,1601286303348
0.035217285,-0.050186157,0.093673706,1601286303352
0.03414917,-0.041671753,0.091537476,1601286303359
0.030960083,-0.034210205,0.08834839,1601286303361
0.027755737,-0.0256958,0.08409119,1601286303366
0.025634766,-0.017166138,0.07876587,1601286303373
0.02243042,-0.009719849,0.07344055,1601286303376
0.019241333,-0.003326416,0.070236206,1601286303379
0.014984131,0.0019989014,0.06916809,1601286303385
0.009643555,0.0073242188,0.06704712,1601286303391
0.0043182373,0.009460449,0.06704712,1601286303394
0.0011291504,0.010528564,0.068115234,1601286303406
0.0021972656,0.010528564,0.06916809,1601286303407
0.006454468,0.010528564,0.07130432,1601286303410
0.013916016,0.0073242188,0.07237244,1601286303417
0.02243042,9.460449E-4,0.07344055,1601286303430
0.030960083,-0.007583618,0.07344055,1601286303434
0.038406372,-0.015045166,0.07344055,1601286303436
0.042678833,-0.022491455,0.07130432,1601286303437
0.044799805,-0.026763916,0.06704712,1601286303442
0.04373169,-0.0256958,0.060653687,1601286303444
0.039474487,-0.022491455,0.054260254,1601286303454
0.033081055,-0.019302368,0.04786682,1601286303455
0.02456665,-0.012908936,0.040405273,1601286303460
0.014984131,-0.006515503,0.0340271,1601286303468
0.0043182373,-0.0022583008,0.028701782,1601286303470
-0.004196167,0.0019989014,0.023361206,1601286303474
-0.0105896,0.0062713623,0.02230835,1601286303479
-0.014846802,0.0073242188,0.021240234,1601286303487
-0.018051147,0.008392334,0.02017212,1601286303490
-0.019119263,0.012664795,0.016983032,1601286303496
-0.016983032,0.016921997,0.014846802,1601286303505
-0.014846802,0.019042969,0.011657715,1601286303506
-0.011657715,0.020111084,0.008453369,1601286303510
-0.0105896,0.02331543,0.004196167,1601286303519
-0.009521484,0.025436401,-6.1035156E-5,1601286303520
-0.0105896,0.029708862,-0.004333496,1601286303526
-0.0137786865,0.03503418,-0.007522583,1601286303532
-0.021240234,0.040359497,-0.011779785,1601286303544
-0.029769897,0.04675293,-0.011779785,1601286303546
-0.037216187,0.049942017,-0.010726929,1601286303548
-0.041488647,0.05419922,-0.008590698,1601286303551
-0.042541504,0.05847168,-0.007522583,1601286303557
-0.039352417,0.05847168,-0.0054016113,1601286303560
-0.035095215,0.05419922,-0.0021972656,1601286303573
-0.03189087,0.047805786,-6.1035156E-5,1601286303575
-0.028701782,0.03929138,0.0020599365,1601286303576
-0.02444458,0.026504517,0.0031280518,1601286303581
-0.019119263,0.010528564,0.005264282,1601286303587
-0.011657715,-0.003326416,0.0063171387,1601286303590
-0.0031280518,-0.013977051,0.007385254,1601286303596
0.0043182373,-0.02142334,0.007385254,1601286303605
0.008590698,-0.024627686,0.008453369,1601286303608
0.009643555,-0.024627686,0.008453369,1601286303613
0.007522583,-0.020370483,0.0105896,1601286303623
0.0043182373,-0.013977051,0.012710571,1601286303626
-0.0010070801,-0.006515503,0.015914917,1601286303630
-0.008453369,0.0030670166,0.018035889,1601286303634
-0.019119263,0.012664795,0.02017212,1601286303637
-0.029769897,0.022247314,0.02230835,1601286303644
-0.0382843,0.031829834,0.02230835,1601286303647
-0.04574585,0.03715515,0.021240234,1601286303654
-0.048934937,0.041427612,0.021240234,1601286303656
-0.05000305,0.043548584,0.02017212,1601286303661
-0.04786682,0.04248047,0.019104004,1601286303667
-0.04360962,0.041427612,0.019104004,1601286303670
-0.037216187,0.040359497,0.02017212,1601286303675
-0.030822754,0.03715515,0.023361206,1601286303683
-0.02444458,0.03289795,0.026565552,1601286303686
-0.018051147,0.025436401,0.029754639,1601286303690
-0.0105896,0.015853882,0.029754639,1601286303695
-0.0031280518,0.008392334,0.027633667,1601286303700
0.0043182373,-1.2207031E-4,0.024429321,1601286303706
0.01071167,-0.007583618,0.02017212,1601286303710
0.016036987,-0.013977051,0.018035889,1601286303718
0.020309448,-0.019302368,0.015914917,1601286303721
0.023498535,-0.020370483,0.015914917,1601286303727
0.026687622,-0.017166138,0.012710571,1601286303738
0.030960083,-0.012908936,0.0105896,1601286303741
0.03414917,-0.010772705,0.004196167,1601286303742
0.037353516,-0.01184082,-0.0032653809,1601286303746
0.041610718,-0.017166138,-0.011779785,1601286303753
0.046936035,-0.0256958,-0.020309448,1601286303756
0.052261353,-0.03527832,-0.02670288,1601286303761
0.0597229,-0.048065186,-0.0320282,1601286303767
0.06611633,-0.06297302,-0.0362854,1601286303770
0.07249451,-0.07789612,-0.03842163,1601286303776
0.07569885,-0.090667725,-0.041610718,1601286303787
0.07356262,-0.094940186,-0.04374695,1601286303789
0.06611633,-0.09599304,-0.044815063,1601286303791
0.05545044,-0.09173584,-0.046936035,1601286303795
0.040542603,-0.083221436,-0.04586792,1601286303802
0.02456665,-0.071502686,-0.04586792,1601286303806
0.007522583,-0.055511475,-0.04586792,1601286303811
-0.009521484,-0.034210205,-0.046936035,1601286303819
-0.025497437,-0.012908936,-0.046936035,1601286303822
-0.035095215,0.0019989014,-0.04586792,1601286303828
-0.040420532,0.012664795,-0.042678833,1601286303834
-0.039352417,0.019042969,-0.040542603,1601286303836
-0.0340271,0.022247314,-0.039489746,1601286303841
-0.025497437,0.022247314,-0.039489746,1601286303845
-0.0137786865,0.017990112,-0.040542603,1601286303852
6.1035156E-5,0.012664795,-0.039489746,1601286303856
0.0128479,0.0073242188,-0.039489746,1601286303862
0.02243042,0.0030670166,-0.03842163,1601286303870
0.027755737,-1.2207031E-4,-0.040542603,1601286303871
0.028823853,-0.003326416,-0.040542603,1601286303875
0.02456665,-0.003326416,-0.040542603,1601286303889
0.017105103,9.460449E-4,-0.041610718,1601286303892
0.006454468,0.008392334,-0.042678833,1601286303896
-0.004196167,0.016921997,-0.042678833,1601286303899
-0.014846802,0.027572632,-0.044815063,1601286303908
-0.02230835,0.040359497,-0.044815063,1601286303910
-0.025497437,0.052078247,-0.04374695,1601286303913
-0.026565552,0.057403564,-0.042678833,1601286303918
-0.025497437,0.057403564,-0.039489746,1601286303927
-0.021240234,0.05101013,-0.037353516,1601286303931
-0.0137786865,0.04248047,-0.03414917,1601286303933
-0.005264282,0.031829834,-0.0320282,1601286303936
0.0043182373,0.020111084,-0.030960083,1601286303943
0.013916016,0.008392334,-0.027770996,1601286303952
0.023498535,-0.0054473877,-0.02456665,1601286303954
0.029891968,-0.019302368,-0.021377563,1601286303955
0.035217285,-0.028884888,-0.018173218,1601286303961
0.038406372,-0.03741455,-0.014984131,1601286303967
0.038406372,-0.039535522,-0.011779785,1601286303971
0.038406372,-0.039535522,-0.007522583,1601286303976
0.037353516,-0.03741455,-0.004333496,1601286303983
0.035217285,-0.03527832,-0.0011291504,1601286303985
0.033081055,-0.034210205,-6.1035156E-5,1601286303991
0.029891968,-0.034210205,-0.0011291504,1601286304003
0.028823853,-0.03527832,-0.0021972656,1601286304005
0.026687622,-0.034210205,-0.004333496,1601286304008
0.02243042,-0.031021118,-0.007522583,1601286304012
0.016036987,-0.024627686,-0.010726929,1601286304018
0.009643555,-0.017166138,-0.011779785,1601286304022
0.0021972656,-0.007583618,-0.0128479,1601286304026
-0.0063323975,0.0030670166,-0.0128479,1601286304039
-0.014846802,0.012664795,-0.011779785,1601286304042
-0.02230835,0.020111084,-0.010726929,1601286304044
-0.029769897,0.029708862,-0.008590698,1601286304050
-0.0382843,0.041427612,-0.006454468,1601286304054
-0.044677734,0.053131104,-0.0021972656,1601286304063
-0.051071167,0.061660767,0.0020599365,1601286304065
-0.05532837,0.06591797,0.0063171387,1601286304067
-0.05532837,0.07017517,0.009521484,1601286304073
-0.053207397,0.071243286,0.0137786865,1601286304078
-0.04786682,0.071243286,0.016983032,1601286304085
-0.037216187,0.0680542,0.02017212,1601286304087
-0.02444458,0.063797,0.024429321,1601286304091
-0.009521484,0.05633545,0.028701782,1601286304100
0.006454468,0.045684814,0.030822754,1601286304101
0.02243042,0.03503418,0.032958984,1601286304107
0.039474487,0.025436401,0.0340271,1601286304110
0.052261353,0.014785767,0.03614807,1601286304123
0.06291199,0.005203247,0.03614807,1601286304126
0.068237305,-0.0011901855,0.03614807,1601286304137
0.06716919,-0.0022583008,0.03614807,1601286304138
0.060775757,9.460449E-4,0.035079956,1601286304139
0.051193237,0.005203247,0.0340271,1601286304142
0.039474487,0.01159668,0.0340271,1601286304148
0.026687622,0.015853882,0.0340271,1601286304152
0.013916016,0.016921997,0.032958984,1601286304157
0.0021972656,0.014785767,0.03189087,1601286304167
-0.008453369,0.009460449,0.030822754,1601286304168
-0.015914917,0.0019989014,0.028701782,1601286304171
-0.021240234,-0.0054473877,0.026565552,1601286304176
-0.02017212,-0.012908936,0.026565552,1601286304186
-0.014846802,-0.02142334,0.026565552,1601286304189
-0.0063323975,-0.027816772,0.028701782,1601286304192
0.0021972656,-0.034210205,0.030822754,1601286304201
0.011779785,-0.039535522,0.032958984,1601286304203
0.020309448,-0.043807983,0.0340271,1601286304206
0.026687622,-0.04699707,0.035079956,1601286304215
0.029891968,-0.0491333,0.03614807,1601286304218
0.030960083,-0.0491333,0.03614807,1601286304222
0.029891968,-0.04699707,0.035079956,1601286304227
0.026687622,-0.043807983,0.0340271,1601286304234
0.021362305,-0.038467407,0.03189087,1601286304237
0.014984131,-0.031021118,0.029754639,1601286304241
0.007522583,-0.022491455,0.027633667,1601286304249
-0.0010070801,-0.013977051,0.027633667,1601286304252
-0.009521484,-0.006515503,0.027633667,1601286304257
-0.018051147,-1.2207031E-4,0.026565552,1601286304265
-0.023376465,0.004135132,0.024429321,1601286304267
-0.026565552,0.0073242188,0.02230835,1601286304273
-0.027633667,0.009460449,0.019104004,1601286304277
-0.02444458,0.008392334,0.016983032,1601286304284
-0.02017212,0.0062713623,0.015914917,1601286304288
-0.014846802,9.460449E-4,0.014846802,1601286304292
-0.0074005127,-0.0054473877,0.014846802,1601286304303
-0.0010070801,-0.012908936,0.0137786865,1601286304306
0.0043182373,-0.019302368,0.012710571,1601286304310
0.008590698,-0.024627686,0.011657715,1601286304314
0.009643555,-0.027816772,0.0105896,1601286304322
0.009643555,-0.031021118,0.008453369,1601286304324
0.007522583,-0.032089233,0.007385254,1601286304327
0.0043182373,-0.034210205,0.005264282,1601286304334
-0.0010070801,-0.036346436,0.0031280518,1601286304337
-0.0063323975,-0.03527832,9.918213E-4,1601286304342
-0.011657715,-0.031021118,-6.1035156E-5,1601286304349
-0.018051147,-0.0256958,-0.0021972656,1601286304354
-0.02444458,-0.019302368,-0.0054016113,1601286304359
-0.029769897,-0.012908936,-0.007522583,1601286304364
-0.0340271,-0.008651733,-0.008590698,1601286304368
-0.03616333,-0.0054473877,-0.008590698,1601286304373
-0.0382843,-0.0054473877,-0.008590698,1601286304378
-0.041488647,-0.006515503,-0.007522583,1601286304387
-0.04360962,-0.007583618,-0.007522583,1601286304388
-0.04360962,-0.008651733,-0.006454468,1601286304391
-0.04360962,-0.006515503,-0.0054016113,1601286304397
-0.044677734,-0.0011901855,-0.0054016113,1601286304402
-0.04786682,0.0073242188,-0.004333496,1601286304407
-0.051071167,0.017990112,-0.0021972656,1601286304415
-0.054260254,0.025436401,-6.1035156E-5,1601286304418
-0.056396484,0.030761719,0.0031280518,1601286304423
-0.058532715,0.03503418,0.007385254,1601286304432
-0.060653687,0.040359497,0.011657715,1601286304433
-0.06278992,0.045684814,0.0137786865,1601286304438
-0.06385803,0.05101013,0.014846802,1601286304442
-0.06278992,0.055267334,0.015914917,1601286304449
-0.060653687,0.057403564,0.015914917,1601286304452
-0.054260254,0.05419922,0.014846802,1601286304457
-0.04360962,0.045684814,0.012710571,1601286304470
-0.028701782,0.03503418,0.011657715,1601286304473
-0.0105896,0.02331543,0.0105896,1601286304474
0.006454468,0.010528564,0.009521484,1601286304482
0.02243042,-0.0022583008,0.008453369,1601286304484
0.0362854,-0.012908936,0.007385254,1601286304489
0.04800415,-0.019302368,0.005264282,1601286304494
0.054397583,-0.022491455,0.0020599365,1601286304500
0.056518555,-0.022491455,-0.0011291504,1601286304503
0.052261353,-0.02142334,-0.0054016113,1601286304509
0.042678833,-0.018234253,-0.0096588135,1601286304517
0.029891968,-0.013977051,-0.014984131,1601286304519
0.013916016,-0.007583618,-0.021377563,1601286304522
-0.004196167,0.0030670166,-0.027770996,1601286304530
-0.023376465,0.019042969,-0.035217285,1601286304533
-0.042541504,0.036087036,-0.040542603,1601286304538
-0.0574646,0.05101013,-0.044815063,1601286304545
-0.06704712,0.06272888,-0.044815063,1601286304548
-0.07237244,0.069122314,-0.042678833,1601286304556
-0.07130432,0.0723114,-0.037353516,1601286304560
-0.06918335,0.07444763,-0.0320282,1601286304567
-0.065979004,0.07551575,-0.02670288,1601286304571
-0.060653687,0.07337952,-0.02456665,1601286304574
-0.054260254,0.06591797,-0.021377563,1601286304581
-0.044677734,0.055267334,-0.020309448,1601286304583
-0.032958984,0.041427612,-0.020309448,1601286304588
-0.02017212,0.026504517,-0.023498535,1601286304592
-0.0074005127,0.01159668,-0.027770996,1601286304600
0.0032653809,-1.2207031E-4,-0.0320282,1601286304604
0.011779785,-0.006515503,-0.0362854,1601286304607
0.017105103,-0.007583618,-0.03842163,1601286304617
0.018173218,-0.0054473877,-0.037353516,1601286304619
0.014984131,-1.2207031E-4,-0.035217285,1601286304624
0.008590698,0.005203247,-0.033096313,1601286304629
6.1035156E-5,0.013717651,-0.0320282,1601286304634
-0.008453369,0.019042969,-0.029891968,1601286304639
-0.016983032,0.022247314,-0.028823853,1601286304646
-0.02230835,0.024383545,-0.028823853,1601286304648
-0.02444458,0.026504517,-0.027770996,1601286304653
-0.021240234,0.026504517,-0.025634766,1601286304657
-0.014846802,0.027572632,-0.023498535,1601286304665
-0.005264282,0.025436401,-0.021377563,1601286304668
0.0053863525,0.02331543,-0.018173218,1601286304673
0.017105103,0.0211792,-0.014984131,1601286304681
0.027755737,0.017990112,-0.0128479,1601286304685
0.037353516,0.013717651,-0.0096588135,1601286304689
0.04373169,0.0073242188,-0.008590698,1601286304697
0.046936035,-1.2207031E-4,-0.0096588135,1601286304700
0.046936035,-0.0054473877,-0.011779785,1601286304704
0.042678833,-0.007583618,-0.013916016,1601286304707
0.037353516,-0.006515503,-0.017105103,1601286304714
0.028823853,-0.003326416,-0.019241333,1601286304718
0.020309448,0.0030670166,-0.020309448,1601286304723
0.01071167,0.010528564,-0.018173218,1601286304729
0.0032653809,0.016921997,-0.014984131,1601286304733
-0.0031280518,0.0211792,-0.0096588135,1601286304738
-0.0074005127,0.0211792,-0.0032653809,1601286304746
-0.009521484,0.019042969,0.0031280518,1601286304749
-0.0105896,0.013717651,0.007385254,1601286304754
-0.009521484,0.0062713623,0.0105896,1601286304757
-0.008453369,-0.0011901855,0.011657715,1601286304763
-0.0063323975,-0.007583618,0.0105896,1601286304768
-0.0031280518,-0.017166138,0.008453369,1601286304774
6.1035156E-5,-0.026763916,0.0063171387,1601286304786
0.0032653809,-0.03527832,0.005264282,1601286304787
0.0043182373,-0.039535522,0.0063171387,1601286304791
0.0032653809,-0.043807983,0.008453369,1601286304795
6.1035156E-5,-0.04699707,0.012710571,1601286304803
-0.0020751953,-0.045928955,0.014846802,1601286304807
-0.005264282,-0.043807983,0.014846802,1601286304810
-0.0074005127,-0.040603638,0.014846802,1601286304817
-0.0074005127,-0.036346436,0.012710571,1601286304820
-0.0074005127,-0.032089233,0.011657715,1601286304823
-0.008453369,-0.029953003,0.011657715,1601286304831
-0.008453369,-0.028884888,0.0105896,1601286304833
-0.009521484,-0.026763916,0.009521484,1601286304839
-0.009521484,-0.02142334,0.009521484,1601286304844
-0.0105896,-0.015045166,0.0105896,1601286304848
-0.011657715,-0.0054473877,0.0137786865,1601286304855
-0.0137786865,0.008392334,0.016983032,1601286304860
-0.015914917,0.0211792,0.019104004,1601286304865
-0.019119263,0.029708862,0.02230835,1601286304870
-0.02017212,0.033966064,0.023361206,1601286304875
-0.019119263,0.03289795,0.023361206,1601286304882
-0.015914917,0.029708862,0.021240234,1601286304885
-0.0105896,0.0211792,0.019104004,1601286304887
-0.0031280518,0.01159668,0.015914917,1601286304897
0.0043182373,9.460449E-4,0.012710571,1601286304899
0.01071167,-0.008651733,0.009521484,1601286304905
0.016036987,-0.016098022,0.0063171387,1601286304914
0.020309448,-0.022491455,0.004196167,1601286304917
0.02456665,-0.026763916,9.918213E-4,1601286304921
0.026687622,-0.027816772,-0.0011291504,1601286304925
0.027755737,-0.026763916,-0.004333496,1601286304932
0.027755737,-0.024627686,-0.006454468,1601286304934
0.027755737,-0.02355957,-0.008590698,1601286304940
0.026687622,-0.02142334,-0.0128479,1601286304945
0.026687622,-0.019302368,-0.017105103,1601286304950
0.026687622,-0.015045166,-0.021377563,1601286304955
0.02456665,-0.008651733,-0.02456665,1601286304963
0.020309448,-1.2207031E-4,-0.028823853,1601286304966
0.014984131,0.009460449,-0.03414917,1601286304970
0.007522583,0.016921997,-0.039489746,1601286304973
-0.0010070801,0.022247314,-0.04586792,1601286304981
-0.008453369,0.026504517,-0.05014038,1601286304985
-0.014846802,0.029708862,-0.053329468,1601286304990
-0.021240234,0.030761719,-0.056533813,1601286304999
-0.02444458,0.030761719,-0.05758667,1601286305001
-0.023376465,0.030761719,-0.058654785,1601286305005
-0.018051147,0.029708862,-0.05758667,1601286305010
-0.009521484,0.026504517,-0.056533813,1601286305019
0.0011291504,0.020111084,-0.053329468,1601286305022
0.011779785,0.009460449,-0.049072266,1601286305030
0.023498535,-1.2207031E-4,-0.044815063,1601286305035
0.035217285,-0.009719849,-0.040542603,1601286305037
0.04586792,-0.019302368,-0.0362854,1601286305039
0.054397583,-0.026763916,-0.030960083,1601286305049
0.058654785,-0.034210205,-0.027770996,1601286305054
0.060775757,-0.039535522,-0.025634766,1601286305056
0.060775757,-0.04273987,-0.025634766,1601286305062
0.058654785,-0.043807983,-0.02456665,1601286305064
0.056518555,-0.04273987,-0.023498535,1601286305068
0.051193237,-0.040603638,-0.021377563,1601286305075
0.044799805,-0.036346436,-0.017105103,1601286305080
0.038406372,-0.031021118,-0.013916016,1601286305084
0.030960083,-0.026763916,-0.010726929,1601286305090
0.025634766,-0.022491455,-0.006454468,1601286305096
0.02243042,-0.018234253,-0.0021972656,1601286305100
0.019241333,-0.015045166,0.0031280518,1601286305107
0.016036987,-0.013977051,0.007385254,1601286305112
0.0128479,-0.016098022,0.009521484,1601286305114
0.009643555,-0.016098022,0.011657715,1601286305119
0.0053863525,-0.013977051,0.012710571,1601286305127
0.0032653809,-0.01184082,0.011657715,1601286305130
0.0021972656,-0.008651733,0.0105896,1601286305134
0.0021972656,-0.0054473877,0.007385254,1601286305139
0.0011291504,-0.0011901855,0.004196167,1601286305150
0.0021972656,0.0019989014,9.918213E-4,1601286305153
0.0043182373,0.005203247,-0.0021972656,1601286305156
0.009643555,0.0062713623,-0.004333496,1601286305165
0.016036987,0.0073242188,-0.004333496,1601286305168
0.020309448,0.005203247,-0.0032653809,1601286305170
0.023498535,0.004135132,-0.0011291504,1601286305178
0.02456665,0.005203247,-6.1035156E-5,1601286305181
0.02243042,0.008392334,9.918213E-4,1601286305185
0.018173218,0.010528564,9.918213E-4,1601286305189
0.011779785,0.01159668,0.0020599365,1601286305196
0.0032653809,0.013717651,0.004196167,1601286305200
-0.0074005127,0.015853882,0.005264282,1601286305205
-0.02017212,0.016921997,0.0063171387,1601286305211
-0.030822754,0.016921997,0.007385254,1601286305215
-0.039352417,0.016921997,0.0063171387,1601286305219
-0.04574585,0.015853882,0.004196167,1601286305231
-0.048934937,0.012664795,0.0031280518,1601286305233
-0.05000305,0.008392334,9.918213E-4,1601286305236
-0.04786682,0.0019989014,-6.1035156E-5,1601286305239
-0.044677734,-0.0054473877,-0.0011291504,1601286305246
-0.0382843,-0.009719849,-0.0032653809,1601286305249
-0.029769897,-0.012908936,-0.0054016113,1601286305254
-0.02017212,-0.015045166,-0.007522583,1601286305264
-0.0105896,-0.015045166,-0.008590698,1601286305267
-0.0020751953,-0.013977051,-0.008590698,1601286305270
0.0053863525,-0.01184082,-0.007522583,1601286305277
0.01071167,-0.010772705,-0.006454468,1601286305280
0.014984131,-0.010772705,-0.0054016113,1601286305285
0.017105103,-0.01184082,-0.0032653809,1601286305295
0.019241333,-0.01184082,-0.0021972656,1601286305296
0.019241333,-0.01184082,-0.0011291504,1601286305300
0.017105103,-0.009719849,-0.0011291504,1601286305304
0.014984131,-0.009719849,-6.1035156E-5,1601286305310
0.01071167,-0.012908936,9.918213E-4,1601286305316
0.006454468,-0.015045166,0.0020599365,1601286305320
6.1035156E-5,-0.015045166,0.0031280518,1601286305329
-0.008453369,-0.013977051,0.004196167,1601286305331
-0.018051147,-0.010772705,0.005264282,1601286305334
-0.026565552,-0.0054473877,0.0063171387,1601286305342
-0.032958984,0.0019989014,0.005264282,1601286305345
-0.0382843,0.009460449,0.0031280518,1601286305349
-0.039352417,0.014785767,-0.0011291504,1601286305355
-0.039352417,0.017990112,-0.0054016113,1601286305364
-0.037216187,0.022247314,-0.008590698,1601286305367
-0.035095215,0.024383545,-0.0128479,1601286305369
-0.030822754,0.024383545,-0.014984131,1601286305379
-0.025497437,0.02331543,-0.018173218,1601286305381
-0.02017212,0.020111084,-0.019241333,1601286305385
-0.014846802,0.015853882,-0.021377563,1601286305395
-0.009521484,0.009460449,-0.023498535,1601286305399
-0.005264282,0.004135132,-0.025634766,1601286305400
-0.0031280518,9.460449E-4,-0.02670288,1601286305404
-0.0010070801,-0.0022583008,-0.025634766,1601286305417
-0.0020751953,-0.0011901855,-0.02456665,1601286305421
-0.004196167,0.0019989014,-0.021377563,1601286305424
-0.008453369,0.0062713623,-0.014984131,1601286305428
-0.01272583,0.01159668,-0.0096588135,1601286305437
-0.019119263,0.019042969,-0.0054016113,1601286305440
-0.02444458,0.026504517,-0.0021972656,1601286305443
-0.030822754,0.031829834,9.918213E-4,1601286305446
-0.03616333,0.03503418,0.0031280518,1601286305454
-0.039352417,0.036087036,0.0063171387,1601286305456
-0.040420532,0.03503418,0.008453369,1601286305461
-0.040420532,0.030761719,0.009521484,1601286305465
-0.037216187,0.025436401,0.009521484,1601286305469
-0.03189087,0.019042969,0.008453369,1601286305475
-0.02444458,0.013717651,0.008453369,1601286305482
-0.016983032,0.0073242188,0.011657715,1601286305486
-0.0105896,-1.2207031E-4,0.014846802,1601286305493
-0.004196167,-0.006515503,0.019104004,1601286305495
0.0021972656,-0.010772705,0.021240234,1601286305502
0.007522583,-0.013977051,0.024429321,1601286305505
0.011779785,-0.016098022,0.026565552,1601286305511
0.013916016,-0.017166138,0.027633667,1601286305516
0.017105103,-0.018234253,0.028701782,1601286305522
0.018173218,-0.018234253,0.027633667,1601286305532
0.017105103,-0.017166138,0.025497437,1601286305534
0.014984131,-0.016098022,0.023361206,1601286305536
0.011779785,-0.013977051,0.021240234,1601286305543
0.006454468,-0.009719849,0.02017212,1601286305545
0.0011291504,-0.0054473877,0.019104004,1601286305549
-0.005264282,-1.2207031E-4,0.019104004,1601286305560
-0.01272583,0.005203247,0.019104004,1601286305563
-0.019119263,0.010528564,0.018035889,1601286305567
-0.02230835,0.014785767,0.018035889,1601286305571
-0.02444458,0.019042969,0.018035889,1601286305577
-0.02444458,0.019042969,0.019104004,1601286305580
-0.021240234,0.016921997,0.021240234,1601286305586
-0.016983032,0.01159668,0.02230835,1601286305596
-0.011657715,0.0062713623,0.02230835,1601286305597
-0.005264282,0.0019989014,0.02017212,1601286305601
6.1035156E-5,-0.003326416,0.018035889,1601286305611
0.006454468,-0.0043792725,0.015914917,1601286305612
0.009643555,-0.0043792725,0.011657715,1601286305616
0.011779785,-0.0043792725,0.0063171387,1601286305620
0.01071167,-0.0043792725,0.0031280518,1601286305627
0.01071167,-0.0011901855,-6.1035156E-5,1601286305631
0.008590698,0.0030670166,-0.0011291504,1601286305636
0.006454468,0.0062713623,-0.0011291504,1601286305644
0.0021972656,0.0073242188,9.918213E-4,1601286305647
-0.004196167,0.008392334,0.0020599365,1601286305651
-0.0105896,0.010528564,9.918213E-4,1601286305661
-0.014846802,0.012664795,-0.0011291504,1601286305664
-0.018051147,0.015853882,-0.004333496,1601286305667
-0.02017212,0.022247314,-0.006454468,1601286305677
-0.02017212,0.027572632,-0.008590698,1601286305679
-0.02017212,0.03289795,-0.010726929,1601286305682
-0.019119263,0.036087036,-0.011779785,1601286305685
-0.014846802,0.03715515,-0.013916016,1601286305692
-0.009521484,0.038223267,-0.017105103,1601286305695
-0.0020751953,0.03715515,-0.019241333,1601286305701
0.0053863525,0.03503418,-0.020309448,1601286305710
0.0128479,0.03289795,-0.020309448,1601286305711
0.017105103,0.029708862,-0.021377563,1601286305716
0.019241333,0.027572632,-0.022445679,1601286305721
0.019241333,0.027572632,-0.022445679,1601286305727
0.019241333,0.027572632,-0.022445679,1601286305737
0.017105103,0.028640747,-0.022445679,1601286305742
0.014984131,0.029708862,-0.021377563,1601286305743
0.013916016,0.030761719,-0.020309448,1601286305746
0.0128479,0.031829834,-0.020309448,1601286305753
0.013916016,0.031829834,-0.019241333,1601286305756
0.0128479,0.031829834,-0.018173218,1601286305760
0.011779785,0.029708862,-0.014984131,1601286305766
0.01071167,0.026504517,-0.010726929,1601286305771
0.01071167,0.0211792,-0.007522583,1601286305777
0.0128479,0.015853882,-0.004333496,1601286305782
0.013916016,0.010528564,-0.0032653809,1601286305789
0.014984131,0.0073242188,-6.1035156E-5,1601286305792
0.016036987,0.0030670166,-6.1035156E-5,1601286305801
0.014984131,9.460449E-4,9.918213E-4,1601286305802
0.0128479,9.460449E-4,0.0020599365,1601286305807
0.009643555,9.460449E-4,0.0031280518,1601286305815
0.0053863525,0.0019989014,0.0031280518,1601286305817
0.0032653809,9.460449E-4,0.0031280518,1601286305823
0.0021972656,9.460449E-4,0.0020599365,1601286305826
0.0021972656,-0.0011901855,-6.1035156E-5,1601286305831
0.0032653809,-0.0054473877,-0.0011291504,1601286305838
0.0053863525,-0.007583618,-0.0032653809,1601286305849
0.007522583,-0.009719849,-0.004333496,1601286305854
0.006454468,-0.010772705,-0.0054016113,1601286305857
0.0053863525,-0.009719849,-0.0054016113,1601286305859
0.0011291504,-0.008651733,-0.006454468,1601286305867
-0.004196167,-0.0054473877,-0.006454468,1601286305870
-0.009521484,-0.0011901855,-0.007522583,1601286305873
-0.014846802,0.0019989014,-0.008590698,1601286305881
-0.02017212,0.0030670166,-0.010726929,1601286305883
-0.02230835,0.004135132,-0.011779785,1601286305888
-0.021240234,0.005203247,-0.0128479,1601286305896
-0.019119263,0.004135132,-0.0128479,1601286305897
-0.014846802,0.0030670166,-0.013916016,1601286305901
-0.0105896,9.460449E-4,-0.013916016,1601286305907
-0.0063323975,-0.0011901855,-0.013916016,1601286305910
-0.0031280518,-0.0054473877,-0.0128479,1601286305916
-0.0020751953,-0.008651733,-0.010726929,1601286305923
-0.0031280518,-0.01184082,-0.007522583,1601286305926
-0.0074005127,-0.013977051,-0.0054016113,1601286305931
-0.0137786865,-0.013977051,-0.0032653809,1601286305944
-0.02230835,-0.01184082,-0.0021972656,1601286305946
-0.030822754,-0.009719849,-0.0032653809,1601286305950
-0.0382843,-0.006515503,-0.006454468,1601286305954
-0.041488647,-0.003326416,-0.010726929,1601286305962
-0.041488647,-0.0022583008,-0.014984131,1601286305962
-0.0382843,-0.0043792725,-0.020309448,1601286305966
-0.03189087,-0.008651733,-0.023498535,1601286305973
-0.023376465,-0.012908936,-0.02456665,1601286305977
-0.011657715,-0.016098022,-0.02456665,1601286305981
6.1035156E-5,-0.020370483,-0.023498535,1601286305993
0.011779785,-0.024627686,-0.020309448,1601286305995
0.021362305,-0.027816772,-0.016052246,1601286305997
0.028823853,-0.027816772,-0.010726929,1601286306001
0.03414917,-0.026763916,-0.0054016113,1601286306008
0.0362854,-0.024627686,-6.1035156E-5,1601286306013
0.035217285,-0.019302368,0.005264282,1601286306018
0.030960083,-0.012908936,0.008453369,1601286306024
0.02456665,-0.009719849,0.0105896,1601286306028
0.017105103,-0.007583618,0.011657715,1601286306032
0.009643555,-0.0054473877,0.012710571,1601286306043
0.0021972656,-0.003326416,0.0137786865,1601286306044
-0.004196167,-0.0022583008,0.011657715,1601286306048
-0.0105896,-0.003326416,0.008453369,1601286306052
-0.014846802,-0.0043792725,0.005264282,1601286306058
-0.016983032,-0.0054473877,-6.1035156E-5,1601286306062
-0.018051147,-0.0054473877,-0.0054016113,1601286306066
-0.019119263,-0.0054473877,-0.010726929,1601286306073
-0.019119263,-0.0054473877,-0.014984131,1601286306077
-0.018051147,-0.0054473877,-0.018173218,1601286306081
-0.016983032,-0.007583618,-0.018173218,1601286306090
-0.0137786865,-0.010772705,-0.016052246,1601286306091
-0.011657715,-0.013977051,-0.013916016,1601286306097
-0.011657715,-0.016098022,-0.011779785,1601286306102
-0.011657715,-0.016098022,-0.0096588135,1601286306112
-0.01272583,-0.016098022,-0.007522583,1601286306114
-0.01272583,-0.015045166,-0.0054016113,1601286306117
-0.01272583,-0.01184082,-0.004333496,1601286306122
-0.014846802,-0.008651733,-0.0032653809,1601286306128
-0.015914917,-0.006515503,-0.004333496,1601286306132
-0.015914917,-0.003326416,-0.0054016113,1601286306140
-0.01272583,-0.0022583008,-0.0054016113,1601286306143
-0.009521484,-0.0022583008,-0.004333496,1601286306146
-0.0063323975,-0.0043792725,-0.0021972656,1601286306155
-0.0031280518,-0.006515503,0.0020599365,1601286306163
-0.0010070801,-0.010772705,0.0063171387,1601286306166
6.1035156E-5,-0.013977051,0.009521484,1601286306171
0.0011291504,-0.015045166,0.0137786865,1601286306173
6.1035156E-5,-0.016098022,0.016983032,1601286306184
-0.0010070801,-0.018234253,0.02017212,1601286306187
-0.005264282,-0.019302368,0.023361206,1601286306190
-0.0105896,-0.02142334,0.026565552,1601286306193
-0.018051147,-0.02355957,0.028701782,1601286306202
-0.02444458,-0.0256958,0.028701782,1601286306204
-0.027633667,-0.0256958,0.025497437,1601286306206
-0.028701782,-0.027816772,0.021240234,1601286306213
-0.029769897,-0.029953003,0.015914917,1601286306217
-0.028701782,-0.03314209,0.009521484,1601286306225
-0.027633667,-0.034210205,0.004196167,1601286306228
-0.02444458,-0.032089233,9.918213E-4,1601286306232
-0.02017212,-0.027816772,0.0020599365,1601286306240
-0.014846802,-0.02355957,0.004196167,1601286306242
-0.0105896,-0.018234253,0.007385254,1601286306247
-0.008453369,-0.013977051,0.011657715,1601286306255
-0.0074005127,-0.009719849,0.014846802,1601286306257
-0.005264282,-0.0043792725,0.015914917,1601286306261
-0.0020751953,0.0030670166,0.016983032,1601286306267
-0.0010070801,0.0073242188,0.018035889,1601286306273
0.0011291504,0.008392334,0.019104004,1601286306277
0.0032653809,0.009460449,0.019104004,1601286306282
0.0032653809,0.008392334,0.02017212,1601286306288
0.0011291504,0.0073242188,0.018035889,1601286306293
-0.0020751953,0.0073242188,0.015914917,1601286306299
-0.0063323975,0.008392334,0.0137786865,1601286306306
-0.0105896,0.009460449,0.0105896,1601286306311
-0.0137786865,0.009460449,0.0063171387,1601286306313
-0.0137786865,0.009460449,0.0031280518,1601286306318
-0.011657715,0.008392334,-6.1035156E-5,1601286306328
-0.0074005127,0.004135132,-6.1035156E-5,1601286306330
-0.0031280518,-0.0022583008,-6.1035156E-5,1601286306333
0.0021972656,-0.009719849,-6.1035156E-5,1601286306343
0.008590698,-0.017166138,9.918213E-4,1601286306346
0.013916016,-0.022491455,9.918213E-4,1601286306349
0.019241333,-0.0256958,0.0020599365,1601286306358
0.02243042,-0.0256958,0.0020599365,1601286306360
0.023498535,-0.024627686,9.918213E-4,1601286306363
0.02243042,-0.022491455,-0.0011291504,1601286306367
0.019241333,-0.018234253,-0.004333496,1601286306374
0.013916016,-0.01184082,-0.006454468,1601286306378
0.007522583,-0.0022583008,-0.008590698,1601286306383
0.0011291504,0.008392334,-0.008590698,1601286306392
-0.0074005127,0.019042969,-0.0096588135,1601286306394
-0.014846802,0.026504517,-0.0096588135,1601286306398
-0.02017212,0.031829834,-0.008590698,1601286306404
-0.02230835,0.033966064,-0.007522583,1601286306407
-0.021240234,0.031829834,-0.006454468,1601286306413
-0.018051147,0.026504517,-0.004333496,1601286306426
-0.0137786865,0.016921997,-0.0032653809,1601286306430
-0.0074005127,0.0073242188,-0.0032653809,1601286306434
-0.0020751953,-0.0022583008,-0.0021972656,1601286306436
0.0032653809,-0.009719849,-0.0011291504,1601286306439
0.0053863525,-0.016098022,-0.0011291504,1601286306447
0.006454468,-0.019302368,-0.0011291504,1601286306453
0.0043182373,-0.020370483,-6.1035156E-5,1601286306455
6.1035156E-5,-0.018234253,9.918213E-4,1601286306459
-0.0074005127,-0.012908936,-6.1035156E-5,1601286306465
-0.014846802,-0.007583618,-0.0021972656,1601286306468
-0.021240234,-0.0022583008,-0.006454468,1601286306473
-0.02444458,0.0019989014,-0.008590698,1601286306478
-0.025497437,0.004135132,-0.0096588135,1601286306483
-0.02444458,0.0062713623,-0.0096588135,1601286306488
-0.021240234,0.005203247,-0.007522583,1601286306493
-0.015914917,0.0030670166,-0.006454468,1601286306498
-0.009521484,0.0019989014,-0.0054016113,1601286306503
-0.0031280518,-1.2207031E-4,-0.004333496,1601286306507
0.0032653809,-0.0022583008,-0.0032653809,1601286306513
0.007522583,-0.0022583008,-0.0032653809,1601286306521
0.009643555,-0.003326416,-0.0021972656,1601286306523
0.008590698,-0.003326416,-0.0032653809,1601286306527
0.0053863525,-0.0043792725,-0.0032653809,1601286306538
-0.0010070801,-0.0022583008,-0.004333496,1601286306539
-0.0074005127,-1.2207031E-4,-0.0054016113,1601286306543
-0.0137786865,0.0030670166,-0.0054016113,1601286306548
-0.02017212,0.0062713623,-0.006454468,1601286306554
-0.023376465,0.0073242188,-0.008590698,1601286306558
-0.027633667,0.005203247,-0.010726929,1601286306564
-0.030822754,9.460449E-4,-0.0128479,1601286306571
-0.03189087,-0.0022583008,-0.014984131,1601286306573
-0.029769897,-0.006515503,-0.017105103,1601286306578
-0.026565552,-0.008651733,-0.018173218,1601286306587
-0.021240234,-0.01184082,-0.017105103,1601286306589
-0.018051147,-0.017166138,-0.016052246,1601286306594
-0.016983032,-0.020370483,-0.013916016,1601286306598
-0.019119263,-0.020370483,-0.0128479,1601286306607
-0.02230835,-0.019302368,-0.0128479,1601286306608
-0.026565552,-0.016098022,-0.011779785,1601286306613
-0.030822754,-0.01184082,-0.0128479,1601286306620
-0.032958984,-0.006515503,-0.0128479,1601286306624
-0.03616333,-0.0011901855,-0.013916016,1601286306628
-0.03616333,0.0030670166,-0.013916016,1601286306638
-0.032958984,0.0062713623,-0.011779785,1601286306640
-0.026565552,0.0062713623,-0.010726929,1601286306644
-0.016983032,0.004135132,-0.008590698,1601286306648
-0.0074005127,-1.2207031E-4,-0.007522583,1601286306659
0.0021972656,-0.006515503,-0.006454468,1601286306661
0.011779785,-0.010772705,-0.0054016113,1601286306665
0.020309448,-0.017166138,-0.0054016113,1601286306672
0.02456665,-0.02142334,-0.0054016113,1601286306674
0.026687622,-0.024627686,-0.0054016113,1601286306680
0.02243042,-0.0256958,-0.006454468,1601286306690
0.014984131,-0.0256958,-0.007522583,1601286306691
0.006454468,-0.024627686,-0.0096588135,1601286306694
-0.005264282,-0.020370483,-0.010726929,1601286306704
-0.015914917,-0.015045166,-0.010726929,1601286306706
-0.025497437,-0.010772705,-0.0096588135,1601286306708
-0.030822754,-0.006515503,-0.006454468,1601286306713
-0.032958984,-0.0054473877,-0.0054016113,1601286306722
-0.030822754,-0.006515503,-0.004333496,1601286306725
-0.026565552,-0.01184082,-0.004333496,1601286306729
-0.016983032,-0.018234253,-0.0054016113,1601286306737
-0.0074005127,-0.022491455,-0.0054016113,1601286306740
0.0032653809,-0.0256958,-0.0032653809,1601286306745
0.014984131,-0.0256958,-6.1035156E-5,1601286306753
0.026687622,-0.0256958,0.0031280518,1601286306756
0.03414917,-0.024627686,0.005264282,1601286306759
0.038406372,-0.02355957,0.004196167,1601286306766
0.039474487,-0.02142334,0.0020599365,1601286306769
0.037353516,-0.017166138,-6.1035156E-5,1601286306778
0.033081055,-0.012908936,-0.0021972656,1601286306780
0.028823853,-0.010772705,-0.004333496,1601286306789
0.023498535,-0.009719849,-0.007522583,1601286306791
0.018173218,-0.008651733,-0.010726929,1601286306794
0.0128479,-0.007583618,-0.013916016,1601286306802
0.008590698,-0.008651733,-0.017105103,1601286306805
0.0053863525,-0.009719849,-0.019241333,1601286306809
0.0043182373,-0.009719849,-0.021377563,1601286306813
0.0043182373,-0.009719849,-0.020309448,1601286306826
0.0053863525,-0.009719849,-0.019241333,1601286306829
0.007522583,-0.007583618,-0.018173218,1601286306831
0.009643555,-0.0043792725,-0.017105103,1601286306836
0.011779785,-0.0011901855,-0.014984131,1601286306845
0.014984131,9.460449E-4,-0.013916016,1601286306849
0.018173218,9.460449E-4,-0.0128479,1601286306851
0.020309448,9.460449E-4,-0.0128479,1601286306859
0.021362305,-0.0011901855,-0.0128479,1601286306862
0.021362305,-0.003326416,-0.0128479,1601286306866
0.018173218,-0.003326416,-0.0128479,1601286306872
0.016036987,-0.0022583008,-0.011779785,1601286306875
0.013916016,-1.2207031E-4,-0.0096588135,1601286306879
0.0128479,0.004135132,-0.006454468,1601286306887
0.01071167,0.008392334,-0.0021972656,1601286306889
0.007522583,0.01159668,0.004196167,1601286306893
0.0043182373,0.013717651,0.009521484,1601286306902
0.0021972656,0.013717651,0.014846802,1601286306904
6.1035156E-5,0.014785767,0.016983032,1601286306908
-0.0010070801,0.014785767,0.019104004,1601286306914
-0.0010070801,0.013717651,0.018035889,1601286306919
-0.0020751953,0.009460449,0.016983032,1601286306924
-0.0020751953,0.004135132,0.015914917,1601286306929
-0.0020751953,9.460449E-4,0.0137786865,1601286306934
-0.0020751953,-0.003326416,0.011657715,1601286306939
-0.0031280518,-0.007583618,0.009521484,1601286306944
-0.004196167,-0.009719849,0.007385254,1601286306953
-0.0063323975,-0.010772705,0.005264282,1601286306955
-0.0074005127,-0.012908936,0.005264282,1601286306959
-0.0063323975,-0.012908936,0.004196167,1601286306965
-0.0031280518,-0.01184082,0.005264282,1601286306973
0.0011291504,-0.010772705,0.005264282,1601286306976
0.006454468,-0.008651733,0.0063171387,1601286306979
0.009643555,-0.008651733,0.008453369,1601286306987
0.0128479,-0.010772705,0.0105896,1601286306990
0.013916016,-0.012908936,0.012710571,1601286306994
0.016036987,-0.012908936,0.014846802,1601286307005
0.016036987,-0.013977051,0.015914917,1601286307008
0.014984131,-0.013977051,0.015914917,1601286307011
0.011779785,-0.012908936,0.014846802,1601286307014
0.008590698,-0.009719849,0.014846802,1601286307021
0.0043182373,-0.0054473877,0.011657715,1601286307026
6.1035156E-5,-0.0022583008,0.008453369,1601286307029
-0.004196167,-0.003326416,0.0063171387,1601286307036
-0.0074005127,-0.0043792725,0.004196167,1601286307039
-0.009521484,-0.0043792725,-6.1035156E-5,1601286307043
-0.008453369,-0.003326416,-0.004333496,1601286307052
-0.005264282,9.460449E-4,-0.008590698,1601286307055
6.1035156E-5,0.0019989014,-0.010726929,1601286307061
0.0043182373,0.0030670166,-0.016052246,1601286307071
0.006454468,0.004135132,-0.02456665,1601286307073
0.0043182373,0.005203247,-0.0362854,1601286307076
-0.0020751953,0.0073242188,-0.052261353,1601286307080
-0.011657715,0.009460449,-0.07144165,1601286307091
-0.02017212,0.010528564,-0.09700012,1601286307092
-0.021240234,0.0073242188,-0.12683105,1601286307095
-0.0063323975,-0.0011901855,-0.1619873,1601286307102
0.03414917,-0.019302368,-0.19927979,1601286307105
0.1108551,-0.0491333,-0.2397461,1601286307109
0.22483826,-0.104522705,-0.283432,1601286307120
0.37184143,-0.18655396,-0.32710266,1601286307122
0.5465393,-0.29093933,-0.3665161,1601286307127
0.7425537,-0.41238403,-0.39848328,1601286307130
0.95347595,-0.541275,-0.42510986,1601286307137
1.1697235,-0.66911316,-0.45066833,1601286307140
1.3838348,-0.79267883,-0.48049927,1601286307143
1.5851746,-0.90026855,-0.5103302,1601286307150
1.7705383,-0.9876251,-0.54122925,1601286307154
1.9399109,-1.0589905,-0.5753174,1601286307161
2.0911713,-1.1165161,-0.6168518,1601286307169
2.228592,-1.1591339,-0.6637268,1601286307171
2.3532257,-1.1964111,-0.714859,1601286307175
2.465088,-1.2411652,-0.77238464,1601286307185
2.5662842,-1.2880249,-0.8405609,1601286307189
2.6600342,-1.3317108,-0.91619873,1601286307191
2.7484436,-1.3647308,-0.9939575,1601286307195
2.8325958,-1.384964,-1.0717163,1601286307202
2.913559,-1.398819,-1.146286,1601286307206
2.9923859,-1.4073334,-1.2187347,1601286307210
3.071228,-1.4126587,-1.2901001,1601286307221
3.1457825,-1.4147949,-1.3604126,1601286307225
3.2118378,-1.4169312,-1.4328461,1601286307228
3.2693634,-1.4275818,-1.5031586,1601286307230
3.3194275,-1.4393005,-1.572403,1601286307239
3.3663025,-1.4403687,-1.6363068,1601286307241
3.4099731,-1.4393005,-1.6959686,1601286307246
3.458969,-1.4435577,-1.7545624,1601286307252
3.5164948,-1.4616699,-1.8099518,1601286307255
3.5868073,-1.4968262,-1.8653412,1601286307261
3.6730957,-1.5468903,-1.9196777,1601286307268
3.7732239,-1.6065369,-1.9782715,1601286307270
3.8818817,-1.6736603,-2.0411072,1601286307277
3.9905396,-1.7418365,-2.1082306,1601286307283
4.0885468,-1.7961578,-2.180664,1601286307288
4.174835,-1.8408966,-2.2552338,1601286307291
4.248337,-1.8717957,-2.32341,1601286307302
4.3079987,-1.894165,-2.3883972,1601286307303
4.3527374,-1.9069519,-2.4512482,1601286307306
4.380432,-1.9069519,-2.513031,1601286307313
4.3889465,-1.9005585,-2.5737457,1601286307320
4.3815002,-1.8877716,-2.6334076,1601286307322
4.361252,-1.8664703,-2.6909332,1601286307326
4.332489,-1.8398438,-2.7420654,1601286307339
4.2930756,-1.8164062,-2.7804108,1601286307342
4.2451477,-1.8057556,-2.8038483,1601286307343
4.18869,-1.8132019,-2.8112946,1601286307345
4.12796,-1.8408966,-2.8112946,1601286307351
4.0693665,-1.88031,-2.8102417,1601286307357
4.0214386,-1.9293213,-2.8134308,1601286307362
3.9884186,-1.9761963,-2.8230133,1601286307366
3.9734955,-2.0187988,-2.8390045,1601286307370
3.9756317,-2.0582123,-2.8603058,1601286307376
3.9852142,-2.0923004,-2.880539,1601286307384
3.996933,-2.1146698,-2.896515,1601286307386
4.0054626,-2.1274567,-2.9039764,1601286307390
4.0054626,-2.1242676,-2.9061127,1601286307397
3.994812,-2.0965729,-2.9029083,1601286307404
3.9692383,-2.0443726,-2.8986511,1601286307406
3.9244995,-1.97406,-2.8911896,1601286307412
3.8552551,-1.8920288,-2.8752136,1601286307418
3.7625732,-1.8025513,-2.847519,1601286307421
3.6432648,-1.7045441,-2.8123627,1601286307427
3.502655,-1.5926971,-2.7740173,1601286307433
3.3417969,-1.4691315,-2.734604,1601286307437
3.166031,-1.3444824,-2.6941223,1601286307442
2.980667,-1.2326355,-2.6547089,1601286307452
2.7942505,-1.1484833,-2.6174164,1601286307454
2.6227417,-1.1026764,-2.5801392,1601286307459
2.4768066,-1.099472,-2.5417938,1601286307460
2.3596191,-1.1346283,-2.5002441,1601286307467
2.2669525,-1.1996155,-2.4597626,1601286307472
2.1977081,-1.2805786,-2.4203491,1601286307476
2.149765,-1.3636627,-2.3809357,1601286307485
2.117813,-1.4424896,-2.3415222,1601286307488
2.0986328,-1.5085449,-2.3031769,1601286307491
2.0901184,-1.5522156,-2.2648163,1601286307501
2.0879822,-1.5713959,-2.2328644,1601286307505
2.0901184,-1.5650024,-2.2094269,1601286307508
2.0901184,-1.5351715,-2.194519,1601286307511
2.085846,-1.4861755,-2.1891937,1601286307522
2.0720062,-1.4179993,-2.1902466,1601286307524
2.0464325,-1.3391571,-2.193451,1601286307528
2.0102234,-1.2635345,-2.19664,1601286307533
1.9644165,-1.2049408,-2.19664,1601286307537
1.9143372,-1.1719208,-2.19664,1601286307542
1.8621521,-1.1687164,-2.1977081,1601286307550
1.814209,-1.1964111,-2.195572,1601286307553
1.7705383,-1.2464905,-2.1881256,1601286307557
1.7353821,-1.3125305,-2.1742706,1601286307562
1.7098083,-1.384964,-2.1550903,1601286307570
1.6970367,-1.4606018,-2.1306,1601286307572
1.6980896,-1.5341034,-2.1018372,1601286307576
1.7098083,-1.6044159,-2.0752106,1601286307586
1.7321777,-1.668335,-2.051773,1601286307590
1.7662659,-1.7226562,-2.034729,1601286307592
1.8078156,-1.7663269,-2.0251312,1601286307599
1.8525543,-1.797226,-2.0219421,1601286307601
1.8930359,-1.8121338,-2.0251312,1601286307607
1.9228668,-1.8174591,-2.0443115,1601286307612
1.9313812,-1.8249207,-2.09758,1601286307617
1.9345856,-1.8270569,-2.1444397,1601286307621
1.9441681,-1.8153381,-2.1508331,1601286307626
1.9356537,-1.7865753,-2.1306,1601286307633
1.8930359,-1.7514191,-2.0965118,1601286307637
1.8237915,-1.7162628,-2.053894,1601286307642
1.7449646,-1.6672668,-1.9995728,1601286307649
1.6661377,-1.5980225,-1.9324646,1601286307652
1.5766602,-1.5095978,-1.8600159,1601286307656
1.4733276,-1.4126587,-1.7886505,1601286307665
1.3636017,-1.3210602,-1.7236633,1601286307669
1.2624054,-1.240097,-1.6650696,1601286307672
1.1750488,-1.1687164,-1.6150055,1601286307677
1.1004791,-1.1122589,-1.5777283,1601286307683
1.0344391,-1.0717773,-1.5521545,1601286307686
0.98223877,-1.0451508,-1.5351105,1601286307691
0.9428253,-1.0227814,-1.5212708,1601286307700
0.9140625,-0.99827576,-1.5063477,1601286307703
0.88742065,-0.97058105,-1.4893036,1601286307706
0.857605,-0.9364929,-1.462677,1601286307711
0.82351685,-0.8938751,-1.4221954,1601286307718
0.78196716,-0.84062195,-1.3678741,1601286307723
0.73083496,-0.7820282,-1.302887,1601286307727
0.6669159,-0.72024536,-1.2283173,1601286307735
0.59555054,-0.6563263,-1.1484222,1601286307739
0.5199127,-0.5924072,-1.0695953,1601286307742
0.4432068,-0.5295563,-0.99183655,1601286307748
0.3665161,-0.47097778,-0.92152405,1601286307759
0.28981018,-0.41557312,-0.8597412,1601286307761
0.21951294,-0.36550903,-0.80966187,1601286307762
0.15452576,-0.32077026,-0.76812744,1601286307768
0.10020447,-0.27922058,-0.7351074,1601286307772
0.054397583,-0.23980713,-0.7127228,1601286307780
0.017105103,-0.19932556,-0.69888306,1601286307782
-0.009521484,-0.16098022,-0.69355774,1601286307789
-0.026565552,-0.12689209,-0.6924896,1601286307792
-0.03189087,-0.1002655,-0.6924896,1601286307800
-0.030822754,-0.08641052,-0.6914215,1601286307805
-0.023376465,-0.08961487,-0.6914215,1601286307807
-0.01272583,-0.10877991,-0.6924896,1601286307814
0.0021972656,-0.14286804,-0.6967468,1601286307817
0.021362305,-0.18655396,-0.70314026,1601286307823
0.04373169,-0.23661804,-0.70739746,1601286307828
0.06716919,-0.28668213,-0.7084656,1601286307833
0.09060669,-0.3314209,-0.70739746,1601286307837
0.112976074,-0.37083435,-0.7042084,1601286307843
0.13322449,-0.4049225,-0.69888306,1601286307850
0.14920044,-0.43475342,-0.6924896,1601286307853
0.1619873,-0.45819092,-0.68395996,1601286307858
0.17156982,-0.475235,-0.6733093,1601286307864
0.17796326,-0.48588562,-0.6615906,1601286307867
0.18009949,-0.48695374,-0.6456146,1601286307872
0.17796326,-0.4805603,-0.62750244,1601286307881
0.17370605,-0.46244812,-0.6083374,1601286307884
0.16731262,-0.4336853,-0.5891571,1601286307888
0.15985107,-0.39533997,-0.56785583,1601286307892
0.15238953,-0.34953308,-0.54441833,1601286307900
0.14387512,-0.299469,-0.5188446,1601286307903
0.1342926,-0.24513245,-0.4911499,1601286307906
0.12576294,-0.19400024,-0.46238708,1601286307916
0.11618042,-0.14926147,-0.43469238,1601286307918
0.10978699,-0.10984802,-0.40486145,1601286307923
0.10232544,-0.07362366,-0.37397766,1601286307935
0.09806824,-0.04486084,-0.34095764,1601286307936
0.09593201,-0.026763916,-0.3068695,1601286307937
0.09700012,-0.02355957,-0.27278137,1601286307942
0.10232544,-0.032089233,-0.24295044,1601286307950
0.112976074,-0.048065186,-0.21737671,1601286307952
0.12683105,-0.067230225,-0.19607544,1601286307957
0.14494324,-0.08534241,-0.17796326,1601286307964
0.16305542,-0.09919739,-0.15985107,1601286307968
0.18115234,-0.10559082,-0.14068604,1601286307972
0.19607544,-0.10345459,-0.11831665,1601286307983
0.20672607,-0.09387207,-0.0874176,1601286307985
0.21098328,-0.07255554,-0.053329468,1601286307989
0.20991516,-0.045928955,-0.014984131,1601286307992
0.20140076,-0.010772705,0.024429321,1601286307999
0.18861389,0.028640747,0.06384277,1601286308002
0.17263794,0.0723114,0.09899902,1601286308008
0.15452576,0.115982056,0.13201904,1601286308015
0.13641357,0.15646362,0.16078186,1601286308016
0.12257385,0.19055176,0.18315125,1601286308022
0.112976074,0.21931458,0.19914246,1601286308033
0.1108551,0.23849487,0.20979309,1601286308034
0.11618042,0.25021362,0.21618652,1601286308037
0.12896729,0.25553894,0.21937561,1601286308043
0.14920044,0.2534027,0.2183075,1601286308048
0.17370605,0.2448883,0.2183075,1601286308052
0.19926453,0.22891235,0.21618652,1601286308058
0.22377014,0.20333862,0.21511841,1601286308065
0.24613953,0.17350769,0.21298218,1601286308069
0.26531982,0.1426239,0.21191406,1601286308074
0.27703857,0.11279297,0.2108612,1601286308086
0.28022766,0.08721924,0.21191406,1601286308090
0.2727661,0.069122314,0.21511841,1601286308094
0.25465393,0.06272888,0.21937561,1601286308096
0.22802734,0.07017517,0.22363281,1601286308098
0.189682,0.08935547,0.23002625,1601286308108
0.14494324,0.11705017,0.23535156,1601286308111
0.093811035,0.14794922,0.24067688,1601286308114
0.040542603,0.17990112,0.24494934,1601286308123
-0.01272583,0.21080017,0.24813843,1601286308126
-0.06385803,0.23635864,0.24813843,1601286308130
-0.11178589,0.25660706,0.2460022,1601286308138
-0.15652466,0.27044678,0.23962402,1601286308140
-0.19595337,0.28004456,0.22790527,1601286308142
-0.22683716,0.2810974,0.2108612,1601286308148
-0.24813843,0.2757721,0.1874237,1601286308153
-0.2566681,0.25872803,0.159729,1601286308157
-0.25134277,0.23316956,0.12989807,1601286308166
-0.2342987,0.1980133,0.101135254,1601286308169
-0.206604,0.15753174,0.07237244,1601286308174
-0.17037964,0.11279297,0.044677734,1601286308185
-0.12776184,0.0680542,0.02017212,1601286308189
-0.0851593,0.024383545,-0.0011291504,1601286308191
-0.04360962,-0.017166138,-0.016052246,1601286308195
-0.0074005127,-0.050186157,-0.023498535,1601286308205
0.020309448,-0.07469177,-0.027770996,1601286308208
0.037353516,-0.08747864,-0.027770996,1601286308209
0.041610718,-0.08854675,-0.02456665,1601286308215
0.037353516,-0.081085205,-0.017105103,1601286308218
0.02456665,-0.06510925,-0.004333496,1601286308225
0.006454468,-0.040603638,0.0137786865,1601286308230
-0.014846802,-0.008651733,0.032958984,1601286308234
-0.0382843,0.027572632,0.051071167,1601286308238
-0.06278992,0.061660767,0.070236206,1601286308247
-0.08622742,0.092559814,0.08728027,1601286308249
-0.1043396,0.115982056,0.10220337,1601286308253
-0.11605835,0.13090515,0.114974976,1601286308258
-0.117111206,0.13516235,0.12564087,1601286308263
-0.10752869,0.1277008,0.13308716,1601286308269
-0.089416504,0.11172485,0.13948059,1601286308274
-0.06385803,0.0914917,0.14268494,1601286308280
-0.0340271,0.07017517,0.1437378,1601286308285
-0.004196167,0.049942017,0.14161682,1601286308288
0.023498535,0.031829834,0.13522339,1601286308300
0.04800415,0.016921997,0.12776184,1601286308302
0.068237305,0.005203247,0.117111206,1601286308308
0.0831604,-0.003326416,0.10432434,1601286308311
0.09486389,-0.010772705,0.093673706,1601286308315
0.10020447,-0.016098022,0.08302307,1601286308324
0.10020447,-0.018234253,0.07344055,1601286308327
0.093811035,-0.019302368,0.06384277,1601286308330
0.082092285,-0.018234253,0.054260254,1601286308337
0.06611633,-0.015045166,0.044677734,1601286308341
0.046936035,-0.008651733,0.035079956,1601286308348
0.02456665,-0.0011901855,0.025497437,1601286308349
0.0011291504,0.0073242188,0.018035889,1601286308353
-0.02230835,0.013717651,0.0105896,1601286308361
-0.044677734,0.020111084,0.0020599365,1601286308367
-0.0617218,0.024383545,-0.0032653809,1601286308369
-0.07557678,0.029708862,-0.007522583,1601286308373
-0.08409119,0.033966064,-0.011779785,1601286308380
-0.08729553,0.03503418,-0.017105103,1601286308386
-0.08622742,0.029708862,-0.022445679,1601286308388
-0.079833984,0.019042969,-0.027770996,1601286308398
-0.06918335,0.0062713623,-0.029891968,1601286308403
-0.053207397,-0.0054473877,-0.029891968,1601286308409
-0.032958984,-0.016098022,-0.027770996,1601286308413
-0.011657715,-0.02355957,-0.02456665,1601286308416
0.011779785,-0.028884888,-0.020309448,1601286308419
0.03414917,-0.031021118,-0.016052246,1601286308430
0.054397583,-0.032089233,-0.013916016,1601286308432
0.07249451,-0.031021118,-0.0128479,1601286308433
0.08634949,-0.028884888,-0.013916016,1601286308438
0.09806824,-0.026763916,-0.016052246,1601286308445
0.10446167,-0.02355957,-0.019241333,1601286308447
0.10232544,-0.019302368,-0.022445679,1601286308453
0.09486389,-0.016098022,-0.027770996,1601286308464
0.079956055,-0.015045166,-0.03414917,1601286308468
0.0639801,-0.012908936,-0.039489746,1601286308469
0.04800415,-0.010772705,-0.041610718,1601286308473
0.0320282,-0.0054473877,-0.039489746,1601286308480
0.017105103,0.0030670166,-0.03414917,1601286308483
0.0032653809,0.012664795,-0.02670288,1601286308493
-0.0074005127,0.02331543,-0.018173218,1601286308495
-0.014846802,0.033966064,-0.006454468,1601286308504
-0.016983032,0.043548584,0.008453369,1601286308506
-0.015914917,0.05419922,0.025497437,1601286308515
-0.0105896,0.066986084,0.042541504,1601286308516
-0.0031280518,0.07763672,0.05958557,1601286308518
0.006454468,0.08509827,0.07344055,1601286308522
0.014984131,0.08616638,0.08302307,1601286308528
0.025634766,0.082962036,0.08834839,1601286308533
0.0362854,0.07444763,0.089416504,1601286308539
0.046936035,0.06272888,0.08728027,1601286308545
0.05545044,0.047805786,0.08621216,1601286308548
0.06291199,0.03289795,0.0851593,1601286308555
0.068237305,0.015853882,0.08302307,1601286308566
0.06930542,0.004135132,0.077697754,1601286308569
0.06504822,-0.003326416,0.070236206,1601286308571
0.053329468,-0.008651733,0.0617218,1601286308576
0.033081055,-0.009719849,0.05532837,1601286308579
0.0043182373,-0.007583618,0.048934937,1601286308591
-0.029769897,9.460449E-4,0.04360962,1601286308593
-0.06491089,0.013717651,0.039352417,1601286308595
-0.101135254,0.028640747,0.037216187,1601286308604
-0.13522339,0.045684814,0.03614807,1601286308607
-0.16612244,0.06272888,0.03614807,1601286308608
-0.18955994,0.080841064,0.03614807,1601286308614
-0.20553589,0.0957489,0.0340271,1601286308618
-0.21299744,0.10533142,0.030822754,1601286308623
-0.2108612,0.10960388,0.028701782,1601286308628
-0.20127869,0.10746765,0.026565552,1601286308633
-0.18635559,0.1000061,0.024429321,1601286308639
-0.16612244,0.08935547,0.021240234,1601286308647
-0.14375305,0.07444763,0.016983032,1601286308651
-0.11924744,0.05633545,0.012710571,1601286308655
-0.09474182,0.03715515,0.0063171387,1601286308665
-0.07130432,0.017990112,-0.0011291504,1601286308668
-0.052139282,9.460449E-4,-0.0096588135,1601286308671
-0.037216187,-0.012908936,-0.019241333,1601286308676
-0.026565552,-0.022491455,-0.02670288,1601286308683
-0.02230835,-0.026763916,-0.033096313,1601286308685
-0.021240234,-0.026763916,-0.03842163,1601286308689
-0.023376465,-0.02355957,-0.044815063,1601286308696
-0.027633667,-0.016098022,-0.05014038,1601286308699
-0.035095215,-0.006515503,-0.0554657,1601286308703
-0.04360962,0.0030670166,-0.058654785,1601286308710
-0.052139282,0.013717651,-0.060791016,1601286308713
-0.0617218,0.024383545,-0.060791016,1601286308720
-0.070251465,0.033966064,-0.0597229,1601286308725
-0.07662964,0.041427612,-0.05758667,1601286308733
-0.079833984,0.04675293,-0.053329468,1601286308734
-0.07662964,0.049942017,-0.049072266,1601286308740
-0.070251465,0.052078247,-0.04374695,1601286308744
-0.05958557,0.053131104,-0.03842163,1601286308749
-0.04574585,0.05101013,-0.0320282,1601286308755
-0.029769897,0.049942017,-0.023498535,1601286308761
-0.01272583,0.049942017,-0.014984131,1601286308764
0.006454468,0.0488739,-0.006454468,1601286308768
0.025634766,0.049942017,0.0031280518,1601286308776
0.041610718,0.053131104,0.0137786865,1601286308780
0.056518555,0.05847168,0.025497437,1601286308785
0.06716919,0.066986084,0.03614807,1601286308791
0.07676697,0.07763672,0.04574585,1601286308796
0.0831604,0.09361267,0.05532837,1601286308807
0.08528137,0.11279297,0.06491089,1601286308809
0.08102417,0.13409424,0.07344055,1601286308811
0.06930542,0.15966797,0.079833984,1601286308815
0.050125122,0.18522644,0.0851593,1601286308821
0.026687622,0.21080017,0.08834839,1601286308828
0.0011291504,0.23635864,0.09474182,1601286308832
-0.025497437,0.26086426,0.10220337,1601286308834
-0.052139282,0.27897644,0.112854004,1601286308839
-0.07662964,0.28855896,0.12669373,1601286308848
-0.09901428,0.28855896,0.14161682,1601286308851
-0.11817932,0.2810974,0.15652466,1601286308854
-0.1320343,0.26618958,0.16931152,1601286308860
-0.1405487,0.24382019,0.18209839,1601286308864
-0.14268494,0.21505737,0.19168091,1601286308869
-0.13842773,0.18096924,0.19700623,1601286308877
-0.12776184,0.14581299,0.19700623,1601286308880
-0.11392212,0.11172485,0.19168091,1601286308885
-0.09901428,0.07977295,0.17996216,1601286308895
-0.0851593,0.05101013,0.16291809,1601286308897
-0.070251465,0.026504517,0.14268494,1601286308900
-0.0574646,0.008392334,0.11924744,1601286308904
-0.04360962,-0.0054473877,0.09580994,1601286308910
-0.030822754,-0.020370483,0.07130432,1601286308914
-0.018051147,-0.036346436,0.048934937,1601286308920
-0.0063323975,-0.051254272,0.026565552,1601286308928
0.0032653809,-0.06297302,0.0063171387,1601286308931
0.011779785,-0.07362366,-0.011779785,1601286308934
0.017105103,-0.081085205,-0.02670288,1601286308945
0.020309448,-0.08747864,-0.039489746,1601286308948
0.023498535,-0.09173584,-0.04800415,1601286308951
0.023498535,-0.094940186,-0.053329468,1601286308955
0.02243042,-0.09387207,-0.056533813,1601286308960
0.017105103,-0.08961487,-0.058654785,1601286308964
0.009643555,-0.08215332,-0.058654785,1601286308970
6.1035156E-5,-0.07043457,-0.05758667,1601286308981
-0.011657715,-0.05657959,-0.054397583,1601286308983
-0.02230835,-0.04273987,-0.05014038,1601286308986
-0.03189087,-0.031021118,-0.04586792,1601286308993
-0.0382843,-0.020370483,-0.040542603,1601286308995
-0.039352417,-0.012908936,-0.0362854,1601286308999
-0.0340271,-0.006515503,-0.03414917,1601286309004
-0.023376465,9.460449E-4,-0.033096313,1601286309009
-0.009521484,0.0073242188,-0.033096313,1601286309014
0.006454468,0.01159668,-0.0362854,1601286309020
0.02456665,0.0062713623,-0.04374695,1601286309025
0.044799805,-0.006515503,-0.052261353,1601286309034
0.06930542,-0.027816772,-0.06185913,1601286309037
0.09700012,-0.055511475,-0.070373535,1601286309041
0.12576294,-0.08427429,-0.07783508,1601286309051
0.15345764,-0.114105225,-0.084228516,1601286309053
0.17903137,-0.14074707,-0.0874176,1601286309054
0.20458984,-0.15991211,-0.08848572,1601286309060
0.22590637,-0.17376709,-0.0874176,1601286309065
0.24188232,-0.18121338,-0.084228516,1601286309070
0.24827576,-0.18121338,-0.079956055,1601286309075
0.24720764,-0.1748352,-0.07463074,1601286309082
0.23760986,-0.16311646,-0.06930542,1601286309085
0.2205658,-0.14712524,-0.06504822,1601286309093
0.19926453,-0.12902832,-0.0597229,1601286309099
0.17370605,-0.10984802,-0.054397583,1601286309103
0.14813232,-0.092803955,-0.04800415,1601286309112
0.12362671,-0.07575989,-0.042678833,1601286309113
0.09913635,-0.055511475,-0.03842163,1601286309116
0.07463074,-0.034210205,-0.035217285,1601286309125
0.050125122,-0.012908936,-0.03414917,1601286309128
0.025634766,0.0019989014,-0.03414917,1601286309130
0.0053863525,0.013717651,-0.035217285,1601286309137
-0.009521484,0.02331543,-0.035217285,1601286309148
-0.02017212,0.029708862,-0.03414917,1601286309151
-0.027633667,0.03289795,-0.03414917,1601286309153
-0.0340271,0.033966064,-0.035217285,1601286309159
-0.0382843,0.031829834,-0.037353516,1601286309161
-0.042541504,0.025436401,-0.041610718,1601286309169
-0.04360962,0.020111084,-0.044815063,1601286309171
-0.044677734,0.012664795,-0.046936035,1601286309178
-0.04360962,0.005203247,-0.049072266,1601286309180
-0.042541504,-0.0043792725,-0.051193237,1601286309186
-0.042541504,-0.01184082,-0.051193237,1601286309191
-0.044677734,-0.017166138,-0.051193237,1601286309195
-0.04786682,-0.020370483,-0.05014038,1601286309199
-0.051071167,-0.022491455,-0.049072266,1601286309207
-0.053207397,-0.02142334,-0.046936035,1601286309214
-0.05532837,-0.016098022,-0.044815063,1601286309216
-0.05532837,-0.008651733,-0.042678833,1601286309220
-0.056396484,9.460449E-4,-0.040542603,1601286309227
-0.05958557,0.009460449,-0.03842163,1601286309229
-0.0617218,0.014785767,-0.035217285,1601286309236
-0.06491089,0.017990112,-0.033096313,1601286309242
-0.065979004,0.016921997,-0.030960083,1601286309245
-0.06491089,0.012664795,-0.027770996,1601286309251
-0.06278992,0.0073242188,-0.025634766,1601286309263
-0.060653687,0.0030670166,-0.023498535,1601286309265
-0.0574646,9.460449E-4,-0.021377563,1601286309268
-0.054260254,9.460449E-4,-0.017105103,1601286309272
-0.051071167,0.0019989014,-0.011779785,1601286309282
-0.046813965,0.0030670166,-0.0054016113,1601286309283
-0.04360962,0.004135132,0.0020599365,1601286309286
-0.039352417,0.004135132,0.0105896,1601286309292
-0.0340271,0.004135132,0.02017212,1601286309295
-0.029769897,0.0062713623,0.027633667,1601286309300
-0.025497437,0.0073242188,0.035079956,1601286309308
-0.02017212,0.01159668,0.04147339,1601286309310
-0.015914917,0.016921997,0.04786682,1601286309319
-0.0105896,0.024383545,0.051071167,1601286309324
-0.008453369,0.031829834,0.05319214,1601286309328
-0.008453369,0.03929138,0.05319214,1601286309331
-0.009521484,0.0446167,0.052124023,1601286309340
-0.011657715,0.047805786,0.048934937,1601286309342
-0.011657715,0.049942017,0.044677734,1601286309345
-0.01272583,0.052078247,0.039352417,1601286309350
-0.0137786865,0.05101013,0.032958984,1601286309358
-0.0137786865,0.045684814,0.027633667,1601286309362
-0.011657715,0.03503418,0.023361206,1601286309366
-0.008453369,0.0211792,0.019104004,1601286309373
-0.0031280518,0.0073242188,0.014846802,1601286309385
0.0032653809,-0.0043792725,0.0105896,1601286309388
0.008590698,-0.012908936,0.005264282,1601286309392
0.011779785,-0.019302368,-6.1035156E-5,1601286309395
0.0128479,-0.02142334,-0.0032653809,1601286309397
0.01071167,-0.022491455,-0.0054016113,1601286309403
0.007522583,-0.020370483,-0.004333496,1601286309406
0.0032653809,-0.017166138,-0.0021972656,1601286309416
-0.0031280518,-0.01184082,0.005264282,1601286309417
-0.008453369,-0.006515503,0.012710571,1601286309422
-0.01272583,9.460449E-4,0.019104004,1601286309427
-0.014846802,0.010528564,0.025497437,1601286309432
-0.015914917,0.019042969,0.030822754,1601286309436
-0.016983032,0.026504517,0.03614807,1601286309442
-0.015914917,0.029708862,0.039352417,1601286309447
-0.015914917,0.028640747,0.0382843,1601286309451
-0.015914917,0.0211792,0.032958984,1601286309458
-0.014846802,0.010528564,0.025497437,1601286309462
-0.01272583,-0.0043792725,0.016983032,1601286309468
-0.0105896,-0.02142334,0.008453369,1601286309475
-0.0074005127,-0.03741455,-6.1035156E-5,1601286309478
-0.0031280518,-0.050186157,-0.008590698,1601286309481
0.0011291504,-0.055511475,-0.017105103,1601286309487
0.0053863525,-0.05657959,-0.023498535,1601286309494
0.0053863525,-0.050186157,-0.028823853,1601286309497
0.0021972656,-0.039535522,-0.0320282,1601286309502
-0.004196167,-0.027816772,-0.03414917,1601286309509
-0.011657715,-0.016098022,-0.03414917,1601286309513
-0.02017212,-1.2207031E-4,-0.030960083,1601286309516
-0.029769897,0.015853882,-0.025634766,1601286309524
-0.039352417,0.029708862,-0.018173218,1601286309528
-0.05000305,0.040359497,-0.0096588135,1601286309531
-0.05958557,0.052078247,-6.1035156E-5,1601286309536
-0.068115234,0.063797,0.009521484,1601286309544
-0.07450867,0.07444763,0.02017212,1601286309548
-0.07876587,0.08509827,0.027633667,1601286309552
-0.0809021,0.08935547,0.0340271,1601286309562
-0.0809021,0.09361267,0.037216187,1601286309564
-0.077697754,0.09681702,0.039352417,1601286309568
-0.07130432,0.094680786,0.039352417,1601286309578
-0.06278992,0.08616638,0.0382843,1601286309579
-0.052139282,0.0723114,0.03614807,1601286309582
-0.040420532,0.05419922,0.03189087,1601286309590
-0.026565552,0.03503418,0.025497437,1601286309592
-0.01272583,0.014785767,0.018035889,1601286309596
0.0011291504,-0.0022583008,0.009521484,1601286309602
0.0128479,-0.017166138,9.918213E-4,1601286309610
0.023498535,-0.029953003,-0.008590698,1601286309611
0.033081055,-0.038467407,-0.017105103,1601286309616
0.038406372,-0.04273987,-0.023498535,1601286309623
0.039474487,-0.041671753,-0.027770996,1601286309627
0.03414917,-0.03314209,-0.028823853,1601286309632
0.025634766,-0.02142334,-0.027770996,1601286309648
0.0128479,-0.0043792725,-0.02670288,1601286309650
-0.0010070801,0.013717651,-0.023498535,1601286309656
-0.014846802,0.031829834,-0.019241333,1601286309657
-0.027633667,0.047805786,-0.013916016,1601286309659
-0.0382843,0.059524536,-0.006454468,1601286309671
-0.046813965,0.066986084,9.918213E-4,1601286309673
-0.051071167,0.071243286,0.009521484,1601286309676
-0.052139282,0.0723114,0.015914917,1601286309677
-0.048934937,0.069122314,0.02017212,1601286309682
-0.044677734,0.063797,0.02230835,1601286309689
-0.03616333,0.053131104,0.023361206,1601286309691
-0.025497437,0.03929138,0.02230835,1601286309697
-0.01272583,0.025436401,0.018035889,1601286309702
0.0011291504,0.013717651,0.014846802,1601286309708
0.01071167,0.0030670166,0.0105896,1601286309712
0.019241333,-0.006515503,0.005264282,1601286309717
0.025634766,-0.013977051,-0.0011291504,1601286309726
0.0320282,-0.019302368,-0.006454468,1601286309729
0.0362854,-0.020370483,-0.010726929,1601286309732
0.038406372,-0.018234253,-0.0128479,1601286309740
0.0362854,-0.013977051,-0.011779785,1601286309742
0.029891968,-0.008651733,-0.008590698,1601286309746
0.020309448,-0.0011901855,-0.004333496,1601286309756
0.008590698,0.008392334,0.0031280518,1601286309758
-0.004196167,0.022247314,0.0105896,1601286309765
-0.018051147,0.03715515,0.019104004,1601286309767
-0.032958984,0.05101013,0.027633667,1601286309773
-0.046813965,0.06272888,0.03614807,1601286309778
-0.060653687,0.071243286,0.044677734,1601286309787
-0.07344055,0.0765686,0.052124023,1601286309792
-0.0809021,0.07551575,0.05958557,1601286309793
-0.081954956,0.071243286,0.06491089,1601286309804
-0.077697754,0.06484985,0.068115234,1601286309808
-0.06918335,0.057403564,0.07130432,1601286309809
-0.056396484,0.04675293,0.07130432,1601286309812
-0.039352417,0.033966064,0.070236206,1601286309817
-0.02230835,0.020111084,0.06916809,1601286309827
-0.0063323975,0.0062713623,0.065979004,1601286309829
0.008590698,-0.006515503,0.06278992,1601286309832
0.02243042,-0.019302368,0.05958557,1601286309842
0.033081055,-0.029953003,0.05532837,1601286309845
0.041610718,-0.036346436,0.052124023,1601286309848
0.04586792,-0.038467407,0.04786682,1601286309858
0.042678833,-0.03527832,0.042541504,1601286309858
0.03414917,-0.026763916,0.037216187,1601286309862
0.020309448,-0.013977051,0.030822754,1601286309867
0.0043182373,-1.2207031E-4,0.025497437,1601286309876
-0.0137786865,0.01159668,0.021240234,1601286309878
-0.028701782,0.0211792,0.019104004,1601286309882
-0.041488647,0.029708862,0.016983032,1601286309888
-0.052139282,0.036087036,0.015914917,1601286309891
-0.060653687,0.041427612,0.0137786865,1601286309897
-0.06704712,0.043548584,0.012710571,1601286309905
-0.07130432,0.04248047,0.012710571,1601286309907
-0.070251465,0.040359497,0.0137786865,1601286309912
-0.06704712,0.03715515,0.015914917,1601286309917
-0.0617218,0.03289795,0.018035889,1601286309922
-0.05532837,0.027572632,0.021240234,1601286309928
-0.05000305,0.02331543,0.024429321,1601286309932
-0.044677734,0.020111084,0.025497437,1601286309940
-0.040420532,0.014785767,0.026565552,1601286309945
-0.0340271,0.010528564,0.027633667,1601286309948
-0.025497437,0.005203247,0.027633667,1601286309959
-0.015914917,9.460449E-4,0.027633667,1601286309960
-0.0074005127,-1.2207031E-4,0.025497437,1601286309963
6.1035156E-5,-0.003326416,0.023361206,1601286309967
0.0053863525,-0.009719849,0.02017212,1601286309976
0.011779785,-0.017166138,0.015914917,1601286309978
0.016036987,-0.024627686,0.0105896,1601286309983
0.019241333,-0.028884888,0.0031280518,1601286309993
0.019241333,-0.032089233,-0.004333496,1601286309994
0.017105103,-0.03314209,-0.010726929,1601286309997
0.0128479,-0.034210205,-0.014984131,1601286310006
0.007522583,-0.032089233,-0.018173218,1601286310009
0.0011291504,-0.0256958,-0.019241333,1601286310013
-0.005264282,-0.018234253,-0.020309448,1601286310018
-0.01272583,-0.010772705,-0.020309448,1601286310026
-0.02017212,-0.003326416,-0.017105103,1601286310028
-0.025497437,0.0030670166,-0.011779785,1601286310032
-0.028701782,0.008392334,-0.0054016113,1601286310040
-0.028701782,0.013717651,-0.0011291504,1601286310042
-0.026565552,0.016921997,0.0020599365,1601286310047
-0.02230835,0.015853882,0.004196167,1601286310056
-0.015914917,0.009460449,0.005264282,1601286310058
-0.0063323975,9.460449E-4,0.007385254,1601286310062
0.0053863525,-0.006515503,0.007385254,1601286310074
0.018173218,-0.012908936,0.007385254,1601286310077
0.029891968,-0.019302368,0.004196167,1601286310080
0.037353516,-0.027816772,-0.0021972656,1601286310083
0.042678833,-0.034210205,-0.007522583,1601286310090
0.046936035,-0.038467407,-0.011779785,1601286310092
0.049072266,-0.038467407,-0.016052246,1601286310100
0.04800415,-0.038467407,-0.017105103,1601286310103
0.04373169,-0.038467407,-0.017105103,1601286310112
0.037353516,-0.038467407,-0.017105103,1601286310115
0.027755737,-0.036346436,-0.018173218,1601286310119
0.017105103,-0.032089233,-0.018173218,1601286310126
0.0043182373,-0.027816772,-0.019241333,1601286310128
-0.008453369,-0.020370483,-0.020309448,1601286310132
-0.02230835,-0.010772705,-0.022445679,1601286310138
-0.0340271,-0.0011901855,-0.02456665,1601286310142
-0.044677734,0.005203247,-0.02670288,1601286310149
-0.052139282,0.009460449,-0.027770996,1601286310153
-0.053207397,0.010528564,-0.027770996,1601286310159
-0.048934937,0.0073242188,-0.02456665,1601286310164
-0.039352417,9.460449E-4,-0.019241333,1601286310172
-0.025497437,-0.008651733,-0.013916016,1601286310175
-0.009521484,-0.018234253,-0.008590698,1601286310179
0.006454468,-0.026763916,-0.0011291504,1601286310182
0.020309448,-0.03314209,0.005264282,1601286310191
0.030960083,-0.036346436,0.012710571,1601286310194
0.039474487,-0.03527832,0.019104004,1601286310198
0.04586792,-0.032089233,0.025497437,1601286310205
0.050125122,-0.027816772,0.032958984,1601286310208
0.052261353,-0.022491455,0.040405273,1601286310213
0.050125122,-0.017166138,0.046798706,1601286310224
0.044799805,-0.010772705,0.051071167,1601286310226
0.037353516,-0.0043792725,0.052124023,1601286310228
0.027755737,-1.2207031E-4,0.051071167,1601286310233
0.018173218,0.0030670166,0.04786682,1601286310242
0.008590698,0.0030670166,0.04360962,1601286310245
6.1035156E-5,0.0030670166,0.0382843,1601286310247
-0.0074005127,9.460449E-4,0.029754639,1601286310253
-0.0137786865,-0.0022583008,0.021240234,1601286310258
-0.018051147,-0.0054473877,0.012710571,1601286310263
-0.021240234,-0.007583618,0.005264282,1601286310269
-0.021240234,-0.009719849,-0.0011291504,1601286310273
-0.019119263,-0.010772705,-0.004333496,1601286310278
-0.016983032,-0.01184082,-0.0054016113,1601286310290
-0.01272583,-0.013977051,-0.004333496,1601286310292
-0.0063323975,-0.017166138,-0.0032653809,1601286310294
-0.0010070801,-0.019302368,-6.1035156E-5,1601286310299
0.006454468,-0.019302368,0.004196167,1601286310305
0.01071167,-0.017166138,0.008453369,1601286310314
0.013916016,-0.012908936,0.011657715,1601286310315
0.016036987,-0.008651733,0.014846802,1601286310321
0.017105103,-0.0054473877,0.015914917,1601286310323
0.017105103,-0.0022583008,0.015914917,1601286310330
0.016036987,9.460449E-4,0.0137786865,1601286310334
0.014984131,0.004135132,0.009521484,1601286310339
0.0128479,0.0073242188,0.0031280518,1601286310345
0.008590698,0.009460449,-0.004333496,1601286310349
0.0053863525,0.012664795,-0.0128479,1601286310354
0.0021972656,0.012664795,-0.022445679,1601286310358
6.1035156E-5,0.010528564,-0.029891968,1601286310362
6.1035156E-5,0.005203247,-0.037353516,1601286310368
0.0021972656,-0.0011901855,-0.042678833,1601286310373
0.006454468,-0.006515503,-0.04586792,1601286310379
0.0128479,-0.010772705,-0.05014038,1601286310385
0.018173218,-0.012908936,-0.054397583,1601286310390
0.023498535,-0.015045166,-0.05758667,1601286310394
0.027755737,-0.015045166,-0.058654785,1601286310405
0.033081055,-0.015045166,-0.05758667,1601286310407
0.0362854,-0.013977051,-0.053329468,1601286310410
0.038406372,-0.012908936,-0.04800415,1601286310414
0.037353516,-0.01184082,-0.042678833,1601286310423
0.0362854,-0.009719849,-0.0362854,1601286310425
0.0362854,-0.007583618,-0.030960083,1601286310430
0.037353516,-0.0054473877,-0.02670288,1601286310439
0.039474487,-0.003326416,-0.022445679,1601286310440
0.039474487,-0.0022583008,-0.019241333,1601286310443
0.040542603,-0.0022583008,-0.017105103,1601286310452
0.040542603,-1.2207031E-4,-0.013916016,1601286310455
0.040542603,0.0019989014,-0.0128479,1601286310459
0.039474487,0.004135132,-0.0128479,1601286310463
0.0362854,0.004135132,-0.014984131,1601286310469
0.033081055,0.0030670166,-0.020309448,1601286310474
0.027755737,9.460449E-4,-0.02670288,1601286310479
0.021362305,-0.003326416,-0.030960083,1601286310485
0.014984131,-0.010772705,-0.033096313,1601286310488
0.008590698,-0.018234253,-0.033096313,1601286310493
0.0043182373,-0.02355957,-0.030960083,1601286310503
6.1035156E-5,-0.024627686,-0.028823853,1601286310506
-0.004196167,-0.022491455,-0.02456665,1601286310510
-0.0074005127,-0.020370483,-0.019241333,1601286310514
-0.0105896,-0.016098022,-0.0128479,1601286310520
-0.0137786865,-0.012908936,-0.0032653809,1601286310524
-0.014846802,-0.009719849,0.007385254,1601286310529
-0.016983032,-0.0043792725,0.018035889,1601286310537
-0.018051147,0.004135132,0.027633667,1601286310538
-0.02017212,0.014785767,0.03614807,1601286310545
-0.02444458,0.026504517,0.04147339,1601286310552
-0.030822754,0.03715515,0.044677734,1601286310555
-0.03616333,0.045684814,0.04574585,1601286310559
-0.040420532,0.05101013,0.044677734,1601286310563
-0.04360962,0.05419922,0.040405273,1601286310571
-0.042541504,0.055267334,0.0340271,1601286310574
-0.039352417,0.052078247,0.025497437,1601286310579
-0.035095215,0.045684814,0.014846802,1601286310589
-0.028701782,0.03715515,0.004196167,1601286310591
-0.021240234,0.025436401,-0.007522583,1601286310594
-0.011657715,0.013717651,-0.019241333,1601286310602
-0.0010070801,-0.0011901855,-0.028823853,1601286310604
0.009643555,-0.013977051,-0.035217285,1601286310610
0.018173218,-0.0256958,-0.039489746,1601286310615
0.02456665,-0.03314209,-0.04374695,1601286310623
0.028823853,-0.03741455,-0.044815063,1601286310626
0.030960083,-0.038467407,-0.044815063,1601286310629
0.030960083,-0.036346436,-0.041610718,1601286310638
0.029891968,-0.032089233,-0.0362854,1601286310640
0.027755737,-0.024627686,-0.029891968,1601286310645
0.023498535,-0.012908936,-0.02456665,1601286310656
0.017105103,-0.0022583008,-0.021377563,1601286310657
0.008590698,0.009460449,-0.018173218,1601286310660
-0.0010070801,0.020111084,-0.018173218,1601286310664
-0.01272583,0.028640747,-0.018173218,1601286310669
-0.023376465,0.033966064,-0.020309448,1601286310675
-0.032958984,0.038223267,-0.022445679,1601286310679
-0.041488647,0.04248047,-0.025634766,1601286310689
-0.046813965,0.043548584,-0.028823853,1601286310691
-0.048934937,0.043548584,-0.033096313,1601286310695
-0.046813965,0.040359497,-0.0362854,1601286310702
-0.040420532,0.03503418,-0.037353516,1601286310706
-0.03189087,0.028640747,-0.037353516,1601286310710
-0.02230835,0.020111084,-0.0362854,1601286310714
-0.0137786865,0.009460449,-0.035217285,1601286310721
-0.004196167,-0.0022583008,-0.035217285,1601286310724
0.0043182373,-0.016098022,-0.03414917,1601286310730
0.013916016,-0.027816772,-0.033096313,1601286310738
0.02243042,-0.03741455,-0.0320282,1601286310740
0.029891968,-0.04486084,-0.028823853,1601286310745
0.03414917,-0.048065186,-0.02670288,1601286310751
0.035217285,-0.04699707,-0.023498535,1601286310755
0.033081055,-0.040603638,-0.022445679,1601286310760
0.028823853,-0.034210205,-0.021377563,1601286310768
0.02243042,-0.0256958,-0.020309448,1601286310770
0.014984131,-0.017166138,-0.018173218,1601286310775
0.008590698,-0.008651733,-0.016052246,1601286310779
0.0021972656,-1.2207031E-4,-0.013916016,1601286310788
-0.004196167,0.0073242188,-0.013916016,1601286310790
-0.011657715,0.01159668,-0.013916016,1601286310794
-0.02017212,0.014785767,-0.014984131,1601286310802
-0.027633667,0.017990112,-0.017105103,1601286310805
-0.035095215,0.0211792,-0.020309448,1601286310811
-0.041488647,0.026504517,-0.02456665,1601286310817
-0.044677734,0.030761719,-0.028823853,1601286310820
-0.046813965,0.031829834,-0.0320282,1601286310825
-0.046813965,0.030761719,-0.03414917,1601286310829
-0.04360962,0.025436401,-0.035217285,1601286310835
-0.0382843,0.016921997,-0.035217285,1601286310841
-0.029769897,0.0073242188,-0.03414917,1601286310846
-0.019119263,-0.003326416,-0.0320282,1601286310855
-0.0063323975,-0.013977051,-0.029891968,1601286310857
0.0053863525,-0.02355957,-0.02670288,1601286310861
0.014984131,-0.029953003,-0.022445679,1601286310868
0.023498535,-0.032089233,-0.017105103,1601286310871
0.027755737,-0.031021118,-0.0128479,1601286310875
0.027755737,-0.0256958,-0.007522583,1601286310887
0.023498535,-0.018234253,-0.0032653809,1601286310889
0.013916016,-0.010772705,9.918213E-4,1601286310891
6.1035156E-5,-0.003326416,0.0031280518,1601286310895
-0.014846802,0.005203247,0.004196167,1601286310901
-0.032958984,0.015853882,0.0031280518,1601286310905
-0.05000305,0.025436401,9.918213E-4,1601286310910
-0.06491089,0.03289795,-0.0021972656,1601286310920
-0.07557678,0.03715515,-0.004333496,1601286310923
-0.0809021,0.038223267,-0.0054016113,1601286310926
-0.0809021,0.03715515,-0.0054016113,1601286310935
-0.07557678,0.036087036,-0.004333496,1601286310938
-0.06704712,0.031829834,-0.0032653809,1601286310941
-0.05532837,0.027572632,-0.0011291504,1601286310946
-0.041488647,0.0211792,9.918213E-4,1601286310955
-0.027633667,0.015853882,0.0063171387,1601286310957
-0.0137786865,0.010528564,0.0105896,1601286310960
-0.0010070801,0.005203247,0.015914917,1601286310969
0.009643555,0.0019989014,0.02017212,1601286310971
0.018173218,9.460449E-4,0.023361206,1601286310975
0.02243042,9.460449E-4,0.026565552,1601286310984
0.025634766,9.460449E-4,0.028701782,1601286310987
0.025634766,9.460449E-4,0.029754639,1601286310992
0.02243042,9.460449E-4,0.030822754,1601286310996
0.019241333,0.0019989014,0.029754639,1601286311006
0.014984131,0.0030670166,0.028701782,1601286311008
0.01071167,0.004135132,0.025497437,1601286311010
0.007522583,0.005203247,0.02230835,1601286311017
0.0032653809,0.0073242188,0.02017212,1601286311020
-0.0020751953,0.010528564,0.018035889,1601286311025
-0.0074005127,0.013717651,0.015914917,1601286311031
-0.011657715,0.019042969,0.014846802,1601286311037
-0.014846802,0.02331543,0.0137786865,1601286311042
-0.015914917,0.026504517,0.0137786865,1601286311047
-0.015914917,0.028640747,0.012710571,1601286311055
-0.015914917,0.030761719,0.012710571,1601286311057
-0.014846802,0.029708862,0.012710571,1601286311060
-0.011657715,0.025436401,0.012710571,1601286311067
-0.0063323975,0.017990112,0.011657715,1601286311071
0.0011291504,0.009460449,0.011657715,1601286311078
0.009643555,-1.2207031E-4,0.009521484,1601286311086
0.017105103,-0.007583618,0.007385254,1601286311090
0.023498535,-0.016098022,0.0063171387,1601286311092
0.028823853,-0.022491455,0.004196167,1601286311095
0.029891968,-0.026763916,-6.1035156E-5,1601286311102
0.026687622,-0.027816772,-0.006454468,1601286311105
0.020309448,-0.024627686,-0.011779785,1601286311110
0.01071167,-0.019302368,-0.017105103,1601286311116
6.1035156E-5,-0.013977051,-0.022445679,1601286311120
-0.011657715,-0.007583618,-0.028823853,1601286311125
-0.025497437,-1.2207031E-4,-0.0320282,1601286311132
-0.0382843,0.008392334,-0.03414917,1601286311136
-0.048934937,0.015853882,-0.035217285,1601286311144
-0.058532715,0.022247314,-0.035217285,1601286311148
-0.06385803,0.028640747,-0.033096313,1601286311159
-0.06704712,0.03289795,-0.030960083,1601286311161
-0.06704712,0.038223267,-0.028823853,1601286311163
-0.06385803,0.040359497,-0.027770996,1601286311166
-0.058532715,0.041427612,-0.028823853,1601286311174
-0.051071167,0.03929138,-0.030960083,1601286311177
-0.041488647,0.03289795,-0.033096313,1601286311183
-0.032958984,0.025436401,-0.03414917,1601286311187
-0.023376465,0.015853882,-0.035217285,1601286311197
-0.0137786865,0.005203247,-0.0362854,1601286311200
-0.0020751953,-0.003326416,-0.037353516,1601286311202
0.009643555,-0.008651733,-0.03842163,1601286311205
0.02243042,-0.015045166,-0.037353516,1601286311210
0.0320282,-0.018234253,-0.03414917,1601286311218
0.039474487,-0.02142334,-0.029891968,1601286311223
0.042678833,-0.02355957,-0.02670288,1601286311225
0.040542603,-0.02355957,-0.021377563,1601286311238
0.0362854,-0.020370483,-0.017105103,1601286311240
0.025634766,-0.013977051,-0.013916016,1601286311243
0.0128479,-0.003326416,-0.010726929,1601286311251
-0.004196167,0.010528564,-0.007522583,1601286311253
-0.023376465,0.022247314,-0.004333496,1601286311256
-0.042541504,0.03289795,9.918213E-4,1601286311264
-0.060653687,0.041427612,0.0063171387,1601286311266
-0.07450867,0.0488739,0.0137786865,1601286311271
-0.08302307,0.05419922,0.02017212,1601286311276
-0.08622742,0.057403564,0.027633667,1601286311282
-0.0851593,0.05847168,0.032958984,1601286311286
-0.07876587,0.05633545,0.03614807,1601286311290
-0.068115234,0.049942017,0.0382843,1601286311299
-0.054260254,0.041427612,0.039352417,1601286311303
-0.03616333,0.031829834,0.0382843,1601286311306
-0.016983032,0.019042969,0.03614807,1601286311311
0.0032653809,0.0073242188,0.03189087,1601286311317
0.020309448,-0.0054473877,0.029754639,1601286311321
0.035217285,-0.017166138,0.026565552,1601286311326
0.04586792,-0.024627686,0.023361206,1601286311331
0.051193237,-0.029953003,0.019104004,1601286311336
0.052261353,-0.03314209,0.015914917,1601286311342
0.04800415,-0.034210205,0.0137786865,1601286311353
0.040542603,-0.032089233,0.012710571,1601286311354
0.027755737,-0.026763916,0.012710571,1601286311357
0.013916016,-0.018234253,0.0105896,1601286311362
-0.0031280518,-0.0054473877,0.009521484,1601286311369
-0.019119263,0.008392334,0.007385254,1601286311372
-0.0340271,0.022247314,0.004196167,1601286311376
-0.044677734,0.03289795,0.0020599365,1601286311387
-0.051071167,0.041427612,9.918213E-4,1601286311389
-0.054260254,0.0446167,-6.1035156E-5,1601286311391
-0.052139282,0.0446167,-0.0011291504,1601286311400
-0.04574585,0.043548584,-0.0032653809,1601286311403
-0.03616333,0.038223267,-0.0054016113,1601286311406
-0.025497437,0.031829834,-0.008590698,1601286311415
-0.0105896,0.02331543,-0.013916016,1601286311417
0.0021972656,0.01159668,-0.019241333,1601286311422
0.017105103,-1.2207031E-4,-0.02456665,1601286311427
0.028823853,-0.01184082,-0.028823853,1601286311434
0.039474487,-0.022491455,-0.030960083,1601286311437
0.04586792,-0.029953003,-0.033096313,1601286311441
0.049072266,-0.03527832,-0.03414917,1601286311449
0.04800415,-0.03741455,-0.035217285,1601286311452
0.042678833,-0.034210205,-0.03414917,1601286311456
0.03414917,-0.026763916,-0.0320282,1601286311463
0.02456665,-0.016098022,-0.028823853,1601286311472
0.009643555,-0.003326416,-0.02670288,1601286311474
-0.004196167,0.009460449,-0.02456665,1601286311478
-0.019119263,0.0211792,-0.022445679,1601286311482
-0.030822754,0.030761719,-0.022445679,1601286311490
-0.040420532,0.03715515,-0.022445679,1601286311493
-0.046813965,0.03929138,-0.021377563,1601286311499
-0.051071167,0.03715515,-0.021377563,1601286311501
-0.051071167,0.03289795,-0.022445679,1601286311506
-0.04786682,0.026504517,-0.02456665,1601286311517
-0.04360962,0.020111084,-0.027770996,1601286311519
-0.037216187,0.012664795,-0.030960083,1601286311522
-0.028701782,0.004135132,-0.035217285,1601286311530
-0.019119263,-0.006515503,-0.037353516,1601286311533
-0.0074005127,-0.018234253,-0.037353516,1601286311537
0.0053863525,-0.028884888,-0.03414917,1601286311541
0.016036987,-0.03741455,-0.029891968,1601286311547
0.02456665,-0.041671753,-0.023498535,1601286311552
0.030960083,-0.043807983,-0.016052246,1601286311557
0.033081055,-0.04273987,-0.008590698,1601286311563
0.03414917,-0.040603638,0.0020599365,1601286311567
0.0320282,-0.034210205,0.012710571,1601286311571
0.028823853,-0.0256958,0.025497437,1601286311576
0.021362305,-0.013977051,0.0382843,1601286311585
0.011779785,-0.0011901855,0.048934937,1601286311588
-0.0010070801,0.012664795,0.05744934,1601286311593
-0.0137786865,0.025436401,0.06278992,1601286311603
-0.026565552,0.03503418,0.068115234,1601286311606
-0.035095215,0.043548584,0.07130432,1601286311608
-0.040420532,0.052078247,0.07130432,1601286311615
-0.044677734,0.057403564,0.06704712,1601286311617
-0.04574585,0.057403564,0.058517456,1601286311621
-0.042541504,0.049942017,0.046798706,1601286311630
-0.0340271,0.040359497,0.0340271,1601286311633
-0.021240234,0.027572632,0.02017212,1601286311638
-0.005264282,0.012664795,0.005264282,1601286311643
0.011779785,-0.003326416,-0.008590698,1601286311654
0.027755737,-0.020370483,-0.023498535,1601286311656
0.04373169,-0.03527832,-0.0362854,1601286311657
