NaN,NaN,NaN,1601286302629
NaN,NaN,NaN,1601286302638
NaN,NaN,NaN,1601286302653
NaN,NaN,NaN,1601286302667
NaN,NaN,NaN,1601286302686
NaN,NaN,NaN,1601286302711
NaN,NaN,NaN,1601286302728
NaN,NaN,NaN,1601286302745
NaN,NaN,NaN,1601286302765
NaN,NaN,NaN,1601286302787
NaN,NaN,NaN,1601286302806
NaN,NaN,NaN,1601286302830
NaN,NaN,NaN,1601286302852
NaN,NaN,NaN,1601286302865
NaN,NaN,NaN,1601286302893
NaN,NaN,NaN,1601286302911
NaN,NaN,NaN,1601286302926
NaN,NaN,NaN,1601286302944
NaN,NaN,NaN,1601286302965
NaN,NaN,NaN,1601286302985
NaN,NaN,NaN,1601286303005
NaN,NaN,NaN,1601286303025
NaN,NaN,NaN,1601286303048
NaN,NaN,NaN,1601286303066
NaN,NaN,NaN,1601286303090
NaN,NaN,NaN,1601286303107
NaN,NaN,NaN,1601286303126
NaN,NaN,NaN,1601286303149
NaN,NaN,NaN,1601286303165
NaN,NaN,NaN,1601286303191
NaN,NaN,NaN,1601286303212
NaN,NaN,NaN,1601286303230
NaN,NaN,NaN,1601286303245
NaN,NaN,NaN,1601286303265
NaN,NaN,NaN,1601286303286
NaN,NaN,NaN,1601286303312
NaN,NaN,NaN,1601286303331
NaN,NaN,NaN,1601286303347
NaN,NaN,NaN,1601286303367
NaN,NaN,NaN,1601286303386
NaN,NaN,NaN,1601286303408
NaN,NaN,NaN,1601286303435
NaN,NaN,NaN,1601286303445
NaN,NaN,NaN,1601286303468
NaN,NaN,NaN,1601286303488
NaN,NaN,NaN,1601286303507
NaN,NaN,NaN,1601286303528
NaN,NaN,NaN,1601286303549
NaN,NaN,NaN,1601286303572
NaN,NaN,NaN,1601286303588
NaN,NaN,NaN,1601286303607
NaN,NaN,NaN,1601286303627
NaN,NaN,NaN,1601286303646
NaN,NaN,NaN,1601286303666
NaN,NaN,NaN,1601286303684
NaN,NaN,NaN,1601286303704
NaN,NaN,NaN,1601286303724
NaN,NaN,NaN,1601286303745
NaN,NaN,NaN,1601286303766
NaN,NaN,NaN,1601286303788
NaN,NaN,NaN,1601286303804
NaN,NaN,NaN,1601286303825
NaN,NaN,NaN,1601286303844
NaN,NaN,NaN,1601286303868
NaN,NaN,NaN,1601286303890
NaN,NaN,NaN,1601286303908
NaN,NaN,NaN,1601286303928
NaN,NaN,NaN,1601286303944
NaN,NaN,NaN,1601286303965
NaN,NaN,NaN,1601286303984
NaN,NaN,NaN,1601286304006
NaN,NaN,NaN,1601286304024
NaN,NaN,NaN,1601286304048
NaN,NaN,NaN,1601286304066
NaN,NaN,NaN,1601286304086
NaN,NaN,NaN,1601286304105
NaN,NaN,NaN,1601286304134
NaN,NaN,NaN,1601286304147
NaN,NaN,NaN,1601286304167
NaN,NaN,NaN,1601286304188
NaN,NaN,NaN,1601286304204
NaN,NaN,NaN,1601286304224
NaN,NaN,NaN,1601286304247
NaN,NaN,NaN,1601286304266
NaN,NaN,NaN,1601286304286
NaN,NaN,NaN,1601286304308
NaN,NaN,NaN,1601286304325
NaN,NaN,NaN,1601286304347
NaN,NaN,NaN,1601286304365
NaN,NaN,NaN,1601286304388
NaN,NaN,NaN,1601286304403
NaN,NaN,NaN,1601286304423
NaN,NaN,NaN,1601286304443
NaN,NaN,NaN,1601286304471
NaN,NaN,NaN,1601286304486
NaN,NaN,NaN,1601286304504
NaN,NaN,NaN,1601286304523
NaN,NaN,NaN,1601286304546
NaN,NaN,NaN,1601286304568
NaN,NaN,NaN,1601286304584
NaN,NaN,NaN,1601286304605
NaN,NaN,NaN,1601286304625
NaN,NaN,NaN,1601286304647
NaN,NaN,NaN,1601286304666
NaN,NaN,NaN,1601286304686
NaN,NaN,NaN,1601286304705
NaN,NaN,NaN,1601286304724
NaN,NaN,NaN,1601286304746
NaN,NaN,NaN,1601286304764
NaN,NaN,NaN,1601286304788
NaN,NaN,NaN,1601286304808
NaN,NaN,NaN,1601286304824
NaN,NaN,NaN,1601286304845
NaN,NaN,NaN,1601286304866
NaN,NaN,NaN,1601286304886
NaN,NaN,NaN,1601286304906
NaN,NaN,NaN,1601286304926
NaN,NaN,NaN,1601286304945
NaN,NaN,NaN,1601286304968
NaN,NaN,NaN,1601286304986
NaN,NaN,NaN,1601286305007
NaN,NaN,NaN,1601286305031
NaN,NaN,NaN,1601286305051
NaN,NaN,NaN,1601286305065
NaN,NaN,NaN,1601286305085
NaN,NaN,NaN,1601286305105
NaN,NaN,NaN,1601286305129
NaN,NaN,NaN,1601286305148
NaN,NaN,NaN,1601286305166
NaN,NaN,NaN,1601286305184
NaN,NaN,NaN,1601286305203
NaN,NaN,NaN,1601286305229
NaN,NaN,NaN,1601286305245
NaN,NaN,NaN,1601286305266
NaN,NaN,NaN,1601286305284
NaN,NaN,NaN,1601286305303
NaN,NaN,NaN,1601286305328
NaN,NaN,NaN,1601286305343
NaN,NaN,NaN,1601286305365
NaN,NaN,NaN,1601286305383
NaN,NaN,NaN,1601286305403
NaN,NaN,NaN,1601286305426
NaN,NaN,NaN,1601286305445
NaN,NaN,NaN,1601286305464
NaN,NaN,NaN,1601286305484
NaN,NaN,NaN,1601286305503
NaN,NaN,NaN,1601286305523
NaN,NaN,NaN,1601286305543
NaN,NaN,NaN,1601286305564
NaN,NaN,NaN,1601286305582
NaN,NaN,NaN,1601286305603
NaN,NaN,NaN,1601286305626
NaN,NaN,NaN,1601286305646
NaN,NaN,NaN,1601286305665
NaN,NaN,NaN,1601286305683
NaN,NaN,NaN,1601286305703
NaN,NaN,NaN,1601286305724
NaN,NaN,NaN,1601286305744
NaN,NaN,NaN,1601286305764
NaN,NaN,NaN,1601286305784
NaN,NaN,NaN,1601286305805
NaN,NaN,NaN,1601286305824
NaN,NaN,NaN,1601286305851
NaN,NaN,NaN,1601286305868
NaN,NaN,NaN,1601286305885
NaN,NaN,NaN,1601286305905
NaN,NaN,NaN,1601286305924
NaN,NaN,NaN,1601286305948
NaN,NaN,NaN,1601286305963
NaN,NaN,NaN,1601286305982
NaN,NaN,NaN,1601286306005
NaN,NaN,NaN,1601286306025
NaN,NaN,NaN,1601286306046
NaN,NaN,NaN,1601286306063
NaN,NaN,NaN,1601286306082
NaN,NaN,NaN,1601286306104
NaN,NaN,NaN,1601286306125
NaN,NaN,NaN,1601286306144
NaN,NaN,NaN,1601286306169
NaN,NaN,NaN,1601286306189
NaN,NaN,NaN,1601286306205
NaN,NaN,NaN,1601286306225
NaN,NaN,NaN,1601286306242
NaN,NaN,NaN,1601286306263
NaN,NaN,NaN,1601286306283
NaN,NaN,NaN,1601286306309
NaN,NaN,NaN,1601286306329
NaN,NaN,NaN,1601286306347
NaN,NaN,NaN,1601286306364
NaN,NaN,NaN,1601286306385
NaN,NaN,NaN,1601286306405
NaN,NaN,NaN,1601286306431
NaN,NaN,NaN,1601286306448
NaN,NaN,NaN,1601286306465
NaN,NaN,NaN,1601286306484
NaN,NaN,NaN,1601286306504
NaN,NaN,NaN,1601286306524
NaN,NaN,NaN,1601286306544
NaN,NaN,NaN,1601286306564
NaN,NaN,NaN,1601286306587
NaN,NaN,NaN,1601286306606
NaN,NaN,NaN,1601286306625
NaN,NaN,NaN,1601286306643
NaN,NaN,NaN,1601286306663
NaN,NaN,NaN,1601286306688
NaN,NaN,NaN,1601286306705
NaN,NaN,NaN,1601286306723
NaN,NaN,NaN,1601286306743
NaN,NaN,NaN,1601286306763
NaN,NaN,NaN,1601286306787
NaN,NaN,NaN,1601286306804
NaN,NaN,NaN,1601286306826
NaN,NaN,NaN,1601286306847
NaN,NaN,NaN,1601286306864
NaN,NaN,NaN,1601286306885
NaN,NaN,NaN,1601286306903
NaN,NaN,NaN,1601286306923
NaN,NaN,NaN,1601286306942
NaN,NaN,NaN,1601286306962
NaN,NaN,NaN,1601286306985
NaN,NaN,NaN,1601286307007
NaN,NaN,NaN,1601286307024
NaN,NaN,NaN,1601286307042
NaN,NaN,NaN,1601286307062
NaN,NaN,NaN,1601286307088
NaN,NaN,NaN,1601286307104
NaN,NaN,NaN,1601286307126
NaN,NaN,NaN,1601286307142
NaN,NaN,NaN,1601286307163
NaN,NaN,NaN,1601286307187
NaN,NaN,NaN,1601286307205
NaN,NaN,NaN,1601286307226
NaN,NaN,NaN,1601286307242
NaN,NaN,NaN,1601286307262
NaN,NaN,NaN,1601286307286
NaN,NaN,NaN,1601286307304
NaN,NaN,NaN,1601286307323
NaN,NaN,NaN,1601286307344
NaN,NaN,NaN,1601286307362
NaN,NaN,NaN,1601286307385
NaN,NaN,NaN,1601286307405
NaN,NaN,NaN,1601286307422
NaN,NaN,NaN,1601286307444
NaN,NaN,NaN,1601286307466
NaN,NaN,NaN,1601286307486
NaN,NaN,NaN,1601286307506
NaN,NaN,NaN,1601286307526
NaN,NaN,NaN,1601286307544
NaN,NaN,NaN,1601286307563
NaN,NaN,NaN,1601286307588
NaN,NaN,NaN,1601286307602
NaN,NaN,NaN,1601286307622
NaN,NaN,NaN,1601286307643
NaN,NaN,NaN,1601286307667
NaN,NaN,NaN,1601286307685
NaN,NaN,NaN,1601286307704
NaN,NaN,NaN,1601286307723
NaN,NaN,NaN,1601286307746
NaN,NaN,NaN,1601286307762
NaN,NaN,NaN,1601286307783
NaN,NaN,NaN,1601286307806
NaN,NaN,NaN,1601286307824
NaN,NaN,NaN,1601286307844
NaN,NaN,NaN,1601286307865
NaN,NaN,NaN,1601286307885
NaN,NaN,NaN,1601286307904
NaN,NaN,NaN,1601286307924
NaN,NaN,NaN,1601286307943
NaN,NaN,NaN,1601286307965
NaN,NaN,NaN,1601286307986
NaN,NaN,NaN,1601286308003
NaN,NaN,NaN,1601286308023
NaN,NaN,NaN,1601286308047
NaN,NaN,NaN,1601286308065
NaN,NaN,NaN,1601286308090
NaN,NaN,NaN,1601286308109
NaN,NaN,NaN,1601286308128
NaN,NaN,NaN,1601286308143
NaN,NaN,NaN,1601286308167
NaN,NaN,NaN,1601286308187
NaN,NaN,NaN,1601286308206
NaN,NaN,NaN,1601286308223
NaN,NaN,NaN,1601286308241
NaN,NaN,NaN,1601286308262
NaN,NaN,NaN,1601286308283
NaN,NaN,NaN,1601286308305
NaN,NaN,NaN,1601286308325
NaN,NaN,NaN,1601286308345
NaN,NaN,NaN,1601286308365
NaN,NaN,NaN,1601286308381
NaN,NaN,NaN,1601286308406
NaN,NaN,NaN,1601286308428
NaN,NaN,NaN,1601286308444
NaN,NaN,NaN,1601286308466
NaN,NaN,NaN,1601286308482
NaN,NaN,NaN,1601286308505
NaN,NaN,NaN,1601286308521
NaN,NaN,NaN,1601286308544
NaN,NaN,NaN,1601286308567
NaN,NaN,NaN,1601286308588
NaN,NaN,NaN,1601286308606
NaN,NaN,NaN,1601286308621
NaN,NaN,NaN,1601286308645
NaN,NaN,NaN,1601286308667
NaN,NaN,NaN,1601286308684
NaN,NaN,NaN,1601286308701
NaN,NaN,NaN,1601286308722
NaN,NaN,NaN,1601286308743
NaN,NaN,NaN,1601286308762
NaN,NaN,NaN,1601286308781
NaN,NaN,NaN,1601286308808
NaN,NaN,NaN,1601286308822
NaN,NaN,NaN,1601286308842
NaN,NaN,NaN,1601286308861
NaN,NaN,NaN,1601286308881
NaN,NaN,NaN,1601286308902
NaN,NaN,NaN,1601286308922
NaN,NaN,NaN,1601286308946
NaN,NaN,NaN,1601286308961
NaN,NaN,NaN,1601286308983
NaN,NaN,NaN,1601286309001
NaN,NaN,NaN,1601286309023
NaN,NaN,NaN,1601286309043
NaN,NaN,NaN,1601286309061
NaN,NaN,NaN,1601286309083
NaN,NaN,NaN,1601286309108
NaN,NaN,NaN,1601286309126
NaN,NaN,NaN,1601286309149
NaN,NaN,NaN,1601286309162
NaN,NaN,NaN,1601286309181
NaN,NaN,NaN,1601286309201
NaN,NaN,NaN,1601286309221
NaN,NaN,NaN,1601286309244
NaN,NaN,NaN,1601286309267
NaN,NaN,NaN,1601286309285
NaN,NaN,NaN,1601286309301
NaN,NaN,NaN,1601286309326
NaN,NaN,NaN,1601286309343
NaN,NaN,NaN,1601286309363
NaN,NaN,NaN,1601286309390
NaN,NaN,NaN,1601286309403
NaN,NaN,NaN,1601286309422
NaN,NaN,NaN,1601286309442
NaN,NaN,NaN,1601286309463
NaN,NaN,NaN,1601286309482
NaN,NaN,NaN,1601286309502
NaN,NaN,NaN,1601286309526
NaN,NaN,NaN,1601286309545
NaN,NaN,NaN,1601286309565
NaN,NaN,NaN,1601286309583
NaN,NaN,NaN,1601286309603
NaN,NaN,NaN,1601286309624
NaN,NaN,NaN,1601286309652
NaN,NaN,NaN,1601286309668
NaN,NaN,NaN,1601286309682
NaN,NaN,NaN,1601286309706
NaN,NaN,NaN,1601286309727
NaN,NaN,NaN,1601286309741
NaN,NaN,NaN,1601286309763
NaN,NaN,NaN,1601286309782
NaN,NaN,NaN,1601286309805
NaN,NaN,NaN,1601286309824
NaN,NaN,NaN,1601286309843
NaN,NaN,NaN,1601286309860
NaN,NaN,NaN,1601286309881
NaN,NaN,NaN,1601286309901
NaN,NaN,NaN,1601286309921
NaN,NaN,NaN,1601286309943
NaN,NaN,NaN,1601286309962
NaN,NaN,NaN,1601286309980
NaN,NaN,NaN,1601286310000
NaN,NaN,NaN,1601286310025
NaN,NaN,NaN,1601286310041
NaN,NaN,NaN,1601286310060
NaN,NaN,NaN,1601286310082
NaN,NaN,NaN,1601286310102
NaN,NaN,NaN,1601286310125
NaN,NaN,NaN,1601286310140
NaN,NaN,NaN,1601286310160
NaN,NaN,NaN,1601286310181
NaN,NaN,NaN,1601286310203
NaN,NaN,NaN,1601286310225
NaN,NaN,NaN,1601286310243
NaN,NaN,NaN,1601286310260
NaN,NaN,NaN,1601286310280
NaN,NaN,NaN,1601286310303
NaN,NaN,NaN,1601286310322
NaN,NaN,NaN,1601286310340
NaN,NaN,NaN,1601286310360
NaN,NaN,NaN,1601286310380
NaN,NaN,NaN,1601286310406
NaN,NaN,NaN,1601286310424
NaN,NaN,NaN,1601286310441
NaN,NaN,NaN,1601286310461
NaN,NaN,NaN,1601286310480
NaN,NaN,NaN,1601286310505
NaN,NaN,NaN,1601286310521
NaN,NaN,NaN,1601286310540
NaN,NaN,NaN,1601286310561
NaN,NaN,NaN,1601286310581
NaN,NaN,NaN,1601286310602
NaN,NaN,NaN,1601286310624
NaN,NaN,NaN,1601286310642
NaN,NaN,NaN,1601286310661
NaN,NaN,NaN,1601286310681
NaN,NaN,NaN,1601286310703
NaN,NaN,NaN,1601286310722
NaN,NaN,NaN,1601286310742
NaN,NaN,NaN,1601286310762
NaN,NaN,NaN,1601286310781
NaN,NaN,NaN,1601286310803
NaN,NaN,NaN,1601286310821
NaN,NaN,NaN,1601286310842
NaN,NaN,NaN,1601286310862
NaN,NaN,NaN,1601286310888
NaN,NaN,NaN,1601286310902
NaN,NaN,NaN,1601286310923
NaN,NaN,NaN,1601286310942
NaN,NaN,NaN,1601286310962
NaN,NaN,NaN,1601286310985
NaN,NaN,NaN,1601286311004
NaN,NaN,NaN,1601286311021
NaN,NaN,NaN,1601286311041
NaN,NaN,NaN,1601286311061
NaN,NaN,NaN,1601286311088
NaN,NaN,NaN,1601286311103
NaN,NaN,NaN,1601286311121
NaN,NaN,NaN,1601286311142
NaN,NaN,NaN,1601286311164
NaN,NaN,NaN,1601286311185
NaN,NaN,NaN,1601286311201
NaN,NaN,NaN,1601286311222
NaN,NaN,NaN,1601286311242
NaN,NaN,NaN,1601286311260
NaN,NaN,NaN,1601286311280
NaN,NaN,NaN,1601286311301
NaN,NaN,NaN,1601286311320
NaN,NaN,NaN,1601286311340
NaN,NaN,NaN,1601286311360
NaN,NaN,NaN,1601286311385
NaN,NaN,NaN,1601286311402
NaN,NaN,NaN,1601286311419
NaN,NaN,NaN,1601286311440
NaN,NaN,NaN,1601286311460
NaN,NaN,NaN,1601286311480
NaN,NaN,NaN,1601286311500
NaN,NaN,NaN,1601286311520
NaN,NaN,NaN,1601286311540
NaN,NaN,NaN,1601286311562
NaN,NaN,NaN,1601286311582
NaN,NaN,NaN,1601286311604
NaN,NaN,NaN,1601286311620
NaN,NaN,NaN,1601286311642
