310.20312,-130.4375,-39.640625,1601286302696
310.20312,-130.4375,39.640625,1601286302699
310.20312,-130.4375,39.640625,1601286302710
310.20312,-130.4375,39.640625,1601286302715
310.20312,-130.4375,39.640625,1601286302717
183.875,-1.734375,0.390625,1601286302720
183.875,-1.734375,0.390625,1601286302723
183.875,-1.734375,0.390625,1601286302730
183.875,-1.734375,0.390625,1601286302733
183.875,-1.734375,0.390625,1601286302742
183.875,-1.734375,0.390625,1601286302743
183.875,-1.734375,0.390625,1601286302748
183.875,-1.734375,0.390625,1601286302756
183.875,-1.734375,0.390625,1601286302760
183.875,-1.734375,0.390625,1601286302765
183.8125,-1.75,0.359375,1601286302768
183.8125,-1.75,0.359375,1601286302776
183.8125,-1.75,0.359375,1601286302778
183.8125,-1.75,0.359375,1601286302783
183.75,-1.75,0.359375,1601286302789
183.75,-1.75,0.359375,1601286302794
183.75,-1.75,0.359375,1601286302798
183.75,-1.75,0.359375,1601286302805
183.70312,-1.703125,0.34375,1601286302809
183.70312,-1.703125,0.34375,1601286302814
183.70312,-1.703125,0.34375,1601286302819
183.70312,-1.703125,0.34375,1601286302829
183.65625,-1.609375,0.328125,1601286302831
183.65625,-1.609375,0.328125,1601286302838
183.65625,-1.609375,0.328125,1601286302840
183.59375,-1.5,0.25,1601286302851
183.59375,-1.5,0.25,1601286302855
183.57812,-1.4375,0.203125,1601286302857
183.57812,-1.4375,0.203125,1601286302863
183.57812,-1.4375,0.203125,1601286302864
183.57812,-1.4375,0.203125,1601286302871
183.54688,-1.328125,0.140625,1601286302875
183.54688,-1.328125,0.140625,1601286302880
183.54688,-1.328125,0.140625,1601286302892
183.51562,-1.234375,0.078125,1601286302895
183.51562,-1.234375,0.078125,1601286302897
183.51562,-1.234375,0.078125,1601286302899
183.51562,-1.234375,0.078125,1601286302912
183.51562,-1.234375,0.078125,1601286302916
183.51562,-1.203125,0.046875,1601286302921
183.51562,-1.203125,0.046875,1601286302923
183.51562,-1.203125,0.046875,1601286302926
183.51562,-1.203125,0.046875,1601286302929
183.5,-1.203125,0.03125,1601286302940
183.5,-1.203125,0.03125,1601286302941
183.5,-1.203125,0.03125,1601286302944
183.5,-1.203125,0.03125,1601286302953
183.5,-1.1875,0.0,1601286302956
183.5,-1.1875,0.0,1601286302963
183.5,-1.1875,0.0,1601286302965
183.5,-1.1875,0.0,1601286302975
183.45312,-1.203125,-0.03125,1601286302976
183.45312,-1.203125,-0.03125,1601286302980
183.45312,-1.203125,-0.03125,1601286302985
183.45312,-1.203125,-0.03125,1601286302991
183.4375,-1.234375,-0.015625,1601286302993
183.4375,-1.234375,-0.015625,1601286303000
183.4375,-1.234375,-0.015625,1601286303005
183.4375,-1.234375,-0.015625,1601286303010
183.40625,-1.28125,0.03125,1601286303015
183.40625,-1.28125,0.03125,1601286303022
183.40625,-1.28125,0.03125,1601286303025
183.40625,-1.28125,0.03125,1601286303030
183.39062,-1.265625,0.046875,1601286303035
183.39062,-1.265625,0.046875,1601286303046
183.39062,-1.265625,0.046875,1601286303048
183.39062,-1.265625,0.046875,1601286303050
183.39062,-1.203125,0.03125,1601286303056
183.39062,-1.203125,0.03125,1601286303061
183.39062,-1.203125,0.03125,1601286303065
183.39062,-1.203125,0.03125,1601286303075
183.40625,-1.109375,0.0,1601286303076
183.40625,-1.109375,0.0,1601286303081
183.40625,-1.109375,0.0,1601286303089
183.40625,-1.109375,0.0,1601286303092
183.45312,-1.03125,-0.0625,1601286303095
183.45312,-1.03125,-0.0625,1601286303100
183.45312,-1.03125,-0.0625,1601286303108
183.45312,-1.03125,-0.0625,1601286303110
183.51562,-0.953125,-0.15625,1601286303116
183.51562,-0.953125,-0.15625,1601286303121
183.51562,-0.953125,-0.15625,1601286303126
183.51562,-0.953125,-0.15625,1601286303131
183.54688,-0.921875,-0.21875,1601286303141
183.54688,-0.921875,-0.21875,1601286303146
183.54688,-0.921875,-0.21875,1601286303148
183.54688,-0.921875,-0.21875,1601286303151
183.53125,-0.90625,-0.25,1601286303158
183.53125,-0.90625,-0.25,1601286303161
183.53125,-0.90625,-0.25,1601286303164
183.53125,-0.90625,-0.25,1601286303176
183.5,-0.90625,-0.265625,1601286303178
183.5,-0.90625,-0.265625,1601286303181
183.5,-0.90625,-0.265625,1601286303190
183.5,-0.90625,-0.265625,1601286303194
183.45312,-0.9375,-0.265625,1601286303198
183.45312,-0.9375,-0.265625,1601286303202
183.45312,-0.9375,-0.265625,1601286303211
183.45312,-0.9375,-0.265625,1601286303216
183.40625,-0.96875,-0.28125,1601286303219
183.40625,-0.96875,-0.28125,1601286303221
183.40625,-0.96875,-0.28125,1601286303230
183.40625,-0.96875,-0.28125,1601286303232
183.35938,-1.0,-0.28125,1601286303238
183.35938,-1.0,-0.28125,1601286303239
183.35938,-1.0,-0.28125,1601286303244
183.35938,-1.0,-0.28125,1601286303254
183.29688,-1.0,-0.25,1601286303256
183.29688,-1.0,-0.25,1601286303261
183.29688,-1.0,-0.25,1601286303265
183.29688,-1.0,-0.25,1601286303272
183.23438,-0.953125,-0.234375,1601286303275
183.23438,-0.953125,-0.234375,1601286303279
183.23438,-0.953125,-0.234375,1601286303287
183.23438,-0.953125,-0.234375,1601286303290
183.17188,-0.875,-0.203125,1601286303295
183.17188,-0.875,-0.203125,1601286303309
183.17188,-0.875,-0.203125,1601286303311
183.17188,-0.875,-0.203125,1601286303317
183.09375,-0.8125,-0.1875,1601286303320
183.09375,-0.8125,-0.1875,1601286303321
183.09375,-0.8125,-0.1875,1601286303332
183.09375,-0.8125,-0.1875,1601286303335
183.01562,-0.765625,-0.15625,1601286303337
183.01562,-0.765625,-0.15625,1601286303346
183.01562,-0.765625,-0.15625,1601286303349
183.01562,-0.765625,-0.15625,1601286303351
182.89062,-0.75,-0.109375,1601286303360
182.89062,-0.75,-0.109375,1601286303362
182.89062,-0.75,-0.109375,1601286303367
182.89062,-0.75,-0.109375,1601286303375
182.76562,-0.75,-0.03125,1601286303377
182.76562,-0.75,-0.03125,1601286303379
182.76562,-0.75,-0.03125,1601286303387
182.76562,-0.75,-0.03125,1601286303391
182.65625,-0.796875,0.046875,1601286303395
182.65625,-0.796875,0.046875,1601286303405
182.65625,-0.796875,0.046875,1601286303409
182.65625,-0.796875,0.046875,1601286303411
182.5625,-0.828125,0.078125,1601286303416
182.5625,-0.828125,0.078125,1601286303431
182.5625,-0.828125,0.078125,1601286303436
182.5625,-0.828125,0.078125,1601286303437
182.48438,-0.84375,0.078125,1601286303438
182.48438,-0.84375,0.078125,1601286303442
182.48438,-0.84375,0.078125,1601286303445
182.48438,-0.84375,0.078125,1601286303454
182.45312,-0.84375,0.078125,1601286303456
182.45312,-0.84375,0.078125,1601286303459
182.45312,-0.84375,0.078125,1601286303469
182.35938,-0.859375,0.078125,1601286303470
182.35938,-0.859375,0.078125,1601286303475
182.35938,-0.859375,0.078125,1601286303482
182.35938,-0.859375,0.078125,1601286303489
182.28125,-0.90625,0.09375,1601286303491
182.28125,-0.90625,0.09375,1601286303496
182.28125,-0.90625,0.09375,1601286303503
182.28125,-0.90625,0.09375,1601286303508
182.21875,-0.9375,0.125,1601286303512
182.21875,-0.9375,0.125,1601286303520
182.21875,-0.9375,0.125,1601286303521
182.21875,-0.9375,0.125,1601286303528
182.1875,-0.9375,0.125,1601286303533
182.1875,-0.9375,0.125,1601286303543
182.1875,-0.9375,0.125,1601286303547
182.1875,-0.9375,0.125,1601286303549
182.17188,-0.921875,0.109375,1601286303551
182.17188,-0.921875,0.109375,1601286303558
182.17188,-0.921875,0.109375,1601286303561
182.17188,-0.921875,0.109375,1601286303574
182.17188,-0.90625,0.078125,1601286303576
182.17188,-0.90625,0.078125,1601286303577
182.17188,-0.90625,0.078125,1601286303582
182.17188,-0.90625,0.078125,1601286303588
182.17188,-0.890625,0.03125,1601286303590
182.17188,-0.890625,0.03125,1601286303597
182.17188,-0.890625,0.03125,1601286303606
182.1875,-0.84375,-0.015625,1601286303609
182.1875,-0.84375,-0.015625,1601286303613
182.17188,-0.828125,-0.046875,1601286303624
182.17188,-0.828125,-0.046875,1601286303627
182.17188,-0.8125,-0.0625,1601286303632
182.17188,-0.8125,-0.0625,1601286303635
182.17188,-0.8125,-0.0625,1601286303637
182.17188,-0.796875,-0.078125,1601286303645
182.17188,-0.796875,-0.0625,1601286303648
182.17188,-0.796875,-0.0625,1601286303655
182.17188,-0.796875,-0.0625,1601286303656
182.17188,-0.8125,-0.046875,1601286303661
182.15625,-0.8125,-0.03125,1601286303668
182.15625,-0.8125,-0.03125,1601286303670
182.15625,-0.8125,-0.03125,1601286303676
182.15625,-0.8125,-0.03125,1601286303684
182.14062,-0.796875,-0.046875,1601286303687
182.14062,-0.796875,-0.046875,1601286303690
182.14062,-0.796875,-0.046875,1601286303696
182.125,-0.765625,-0.0625,1601286303701
182.10938,-0.734375,-0.09375,1601286303707
182.10938,-0.734375,-0.09375,1601286303711
182.10938,-0.734375,-0.09375,1601286303719
182.10938,-0.71875,-0.109375,1601286303722
182.09375,-0.703125,-0.140625,1601286303728
182.09375,-0.703125,-0.140625,1601286303739
182.09375,-0.703125,-0.140625,1601286303742
182.07812,-0.6875,-0.15625,1601286303744
182.0625,-0.6875,-0.15625,1601286303747
182.0625,-0.6875,-0.15625,1601286303754
182.0625,-0.6875,-0.15625,1601286303757
182.04688,-0.6875,-0.15625,1601286303761
182.03125,-0.6875,-0.140625,1601286303768
182.03125,-0.6875,-0.140625,1601286303771
182.03125,-0.6875,-0.140625,1601286303777
182.03125,-0.703125,-0.140625,1601286303785
182.03125,-0.71875,-0.125,1601286303790
182.03125,-0.71875,-0.125,1601286303792
182.03125,-0.71875,-0.125,1601286303801
182.03125,-0.75,-0.125,1601286303803
182.04688,-0.78125,-0.109375,1601286303807
182.04688,-0.78125,-0.109375,1601286303812
182.04688,-0.78125,-0.109375,1601286303820
182.0625,-0.8125,-0.078125,1601286303822
182.09375,-0.859375,-0.03125,1601286303828
182.09375,-0.859375,-0.03125,1601286303835
182.09375,-0.859375,-0.03125,1601286303837
182.10938,-0.890625,0.03125,1601286303841
182.14062,-0.921875,0.078125,1601286303846
182.14062,-0.921875,0.078125,1601286303853
182.14062,-0.921875,0.078125,1601286303857
182.17188,-0.9375,0.109375,1601286303863
182.1875,-0.921875,0.125,1601286303870
182.1875,-0.921875,0.125,1601286303872
182.1875,-0.921875,0.125,1601286303877
182.21875,-0.90625,0.125,1601286303890
182.25,-0.875,0.109375,1601286303893
182.25,-0.875,0.109375,1601286303898
182.25,-0.875,0.109375,1601286303900
182.26562,-0.875,0.09375,1601286303907
182.28125,-0.875,0.09375,1601286303912
182.28125,-0.875,0.09375,1601286303915
182.28125,-0.875,0.09375,1601286303918
182.3125,-0.890625,0.09375,1601286303928
182.34375,-0.90625,0.09375,1601286303932
182.35938,-0.90625,0.09375,1601286303935
182.35938,-0.90625,0.09375,1601286303937
182.35938,-0.90625,0.09375,1601286303943
182.35938,-0.90625,0.09375,1601286303953
182.375,-0.90625,0.078125,1601286303955
182.375,-0.90625,0.078125,1601286303956
182.40625,-0.890625,0.046875,1601286303961
182.40625,-0.890625,0.046875,1601286303967
182.4375,-0.875,0.015625,1601286303972
182.4375,-0.875,0.015625,1601286303977
182.45312,-0.859375,0.0,1601286303983
182.45312,-0.859375,0.0,1601286303986
182.46875,-0.859375,-0.015625,1601286303992
182.46875,-0.859375,-0.015625,1601286304001
182.48438,-0.875,-0.03125,1601286304006
182.48438,-0.875,-0.03125,1601286304009
182.48438,-0.875,-0.03125,1601286304012
182.5,-0.890625,-0.015625,1601286304019
182.5,-0.890625,-0.015625,1601286304023
182.5,-0.90625,0.015625,1601286304029
182.51562,-0.9375,0.03125,1601286304039
182.51562,-0.9375,0.03125,1601286304043
182.51562,-0.9375,0.03125,1601286304047
182.5,-0.953125,0.046875,1601286304052
182.5,-0.953125,0.046875,1601286304055
182.5,-0.96875,0.078125,1601286304064
182.5,-0.96875,0.078125,1601286304065
182.51562,-0.984375,0.09375,1601286304068
182.51562,-0.984375,0.09375,1601286304073
182.51562,-0.984375,0.109375,1601286304078
182.51562,-0.984375,0.109375,1601286304086
182.51562,-0.984375,0.109375,1601286304088
182.51562,-0.984375,0.109375,1601286304094
182.53125,-0.984375,0.09375,1601286304100
182.53125,-0.984375,0.09375,1601286304102
182.53125,-0.953125,0.078125,1601286304107
182.53125,-0.953125,0.078125,1601286304113
182.53125,-0.9375,0.046875,1601286304124
182.53125,-0.9375,0.046875,1601286304128
182.53125,-0.90625,0.0,1601286304137
182.53125,-0.90625,0.0,1601286304139
182.51562,-0.875,-0.03125,1601286304141
182.51562,-0.875,-0.03125,1601286304143
182.5,-0.859375,-0.078125,1601286304149
182.5,-0.859375,-0.078125,1601286304152
182.48438,-0.859375,-0.109375,1601286304157
182.48438,-0.859375,-0.109375,1601286304165
182.46875,-0.875,-0.125,1601286304169
182.46875,-0.875,-0.125,1601286304172
182.45312,-0.90625,-0.125,1601286304177
182.45312,-0.90625,-0.125,1601286304187
182.42188,-0.9375,-0.125,1601286304190
182.42188,-0.9375,-0.125,1601286304192
182.40625,-0.96875,-0.125,1601286304202
182.40625,-0.96875,-0.125,1601286304204
182.39062,-1.0,-0.140625,1601286304206
182.39062,-1.0,-0.140625,1601286304216
182.375,-1.0,-0.140625,1601286304219
182.375,-1.0,-0.140625,1601286304223
182.35938,-1.0,-0.140625,1601286304227
182.35938,-1.0,-0.140625,1601286304235
182.34375,-0.984375,-0.140625,1601286304238
182.34375,-0.984375,-0.140625,1601286304242
182.32812,-0.96875,-0.125,1601286304249
182.32812,-0.96875,-0.125,1601286304253
182.29688,-0.984375,-0.109375,1601286304258
182.29688,-0.984375,-0.109375,1601286304265
182.28125,-1.0,-0.078125,1601286304268
182.28125,-1.0,-0.078125,1601286304274
182.26562,-1.015625,-0.046875,1601286304277
182.26562,-1.015625,-0.046875,1601286304285
182.25,-1.03125,-0.015625,1601286304289
182.25,-1.03125,-0.015625,1601286304294
182.23438,-1.03125,0.0,1601286304305
182.23438,-1.03125,0.0,1601286304307
182.21875,-1.046875,0.015625,1601286304313
182.21875,-1.046875,0.015625,1601286304315
182.20312,-1.03125,0.015625,1601286304323
182.20312,-1.03125,0.015625,1601286304324
182.1875,-1.015625,0.015625,1601286304328
182.1875,-1.015625,0.015625,1601286304335
182.17188,-1.0,0.0,1601286304338
182.17188,-1.0,0.0,1601286304343
182.17188,-1.0,0.0,1601286304350
182.17188,-1.0,0.0,1601286304355
182.15625,-0.984375,0.0,1601286304361
182.15625,-0.984375,0.0,1601286304364
182.14062,-1.0,0.015625,1601286304368
182.14062,-1.0,0.015625,1601286304375
182.14062,-1.0,0.03125,1601286304379
182.14062,-1.0,0.03125,1601286304387
182.14062,-1.0,0.0625,1601286304389
182.14062,-1.0,0.0625,1601286304392
182.14062,-1.0,0.078125,1601286304398
182.14062,-1.0,0.078125,1601286304403
182.14062,-0.984375,0.09375,1601286304408
182.14062,-0.984375,0.09375,1601286304415
182.14062,-0.96875,0.109375,1601286304418
182.14062,-0.96875,0.109375,1601286304423
182.15625,-0.953125,0.109375,1601286304432
182.15625,-0.953125,0.109375,1601286304434
182.15625,-0.9375,0.109375,1601286304439
182.15625,-0.9375,0.109375,1601286304443
182.15625,-0.90625,0.109375,1601286304450
182.15625,-0.90625,0.109375,1601286304453
182.15625,-0.90625,0.109375,1601286304459
182.15625,-0.859375,0.109375,1601286304470
182.17188,-0.828125,0.09375,1601286304473
182.17188,-0.828125,0.09375,1601286304475
182.15625,-0.796875,0.0625,1601286304483
182.15625,-0.796875,0.0625,1601286304485
182.15625,-0.75,0.046875,1601286304490
182.15625,-0.75,0.046875,1601286304495
182.14062,-0.71875,0.015625,1601286304500
182.14062,-0.71875,0.015625,1601286304504
182.125,-0.6875,-0.015625,1601286304509
182.125,-0.6875,-0.015625,1601286304518
182.125,-0.6875,-0.015625,1601286304520
182.125,-0.6875,-0.03125,1601286304523
182.125,-0.6875,-0.03125,1601286304531
182.125,-0.6875,-0.03125,1601286304533
182.125,-0.6875,-0.03125,1601286304539
182.10938,-0.71875,-0.03125,1601286304546
182.125,-0.75,-0.015625,1601286304549
182.125,-0.75,-0.015625,1601286304557
182.125,-0.75,-0.015625,1601286304561
182.125,-0.78125,0.0,1601286304568
182.125,-0.78125,0.0,1601286304573
182.125,-0.78125,0.0,1601286304575
182.125,-0.78125,0.0,1601286304582
182.15625,-0.78125,0.0,1601286304583
182.17188,-0.75,-0.03125,1601286304588
182.17188,-0.75,-0.03125,1601286304593
182.17188,-0.75,-0.03125,1601286304600
182.1875,-0.71875,-0.0625,1601286304605
182.21875,-0.671875,-0.109375,1601286304610
182.21875,-0.671875,-0.109375,1601286304618
182.21875,-0.671875,-0.109375,1601286304619
182.23438,-0.640625,-0.15625,1601286304625
182.23438,-0.609375,-0.1875,1601286304630
182.23438,-0.609375,-0.1875,1601286304634
182.23438,-0.609375,-0.1875,1601286304640
182.25,-0.59375,-0.203125,1601286304646
182.26562,-0.59375,-0.203125,1601286304649
182.26562,-0.59375,-0.203125,1601286304654
182.26562,-0.59375,-0.203125,1601286304658
182.29688,-0.59375,-0.203125,1601286304665
182.3125,-0.609375,-0.203125,1601286304669
182.3125,-0.609375,-0.203125,1601286304674
182.3125,-0.609375,-0.203125,1601286304683
182.32812,-0.609375,-0.203125,1601286304686
182.34375,-0.609375,-0.21875,1601286304689
182.34375,-0.609375,-0.21875,1601286304698
182.34375,-0.609375,-0.21875,1601286304701
182.35938,-0.59375,-0.234375,1601286304704
182.375,-0.578125,-0.25,1601286304708
182.375,-0.578125,-0.25,1601286304714
182.375,-0.578125,-0.25,1601286304719
182.39062,-0.578125,-0.265625,1601286304724
182.39062,-0.59375,-0.28125,1601286304730
182.39062,-0.59375,-0.28125,1601286304735
182.39062,-0.59375,-0.28125,1601286304739
182.40625,-0.609375,-0.28125,1601286304747
182.40625,-0.640625,-0.28125,1601286304750
182.40625,-0.640625,-0.28125,1601286304754
182.40625,-0.640625,-0.28125,1601286304762
182.40625,-0.671875,-0.28125,1601286304764
182.42188,-0.6875,-0.28125,1601286304769
182.42188,-0.6875,-0.28125,1601286304776
182.42188,-0.6875,-0.28125,1601286304785
182.4375,-0.6875,-0.28125,1601286304788
182.4375,-0.6875,-0.296875,1601286304792
182.4375,-0.6875,-0.296875,1601286304796
182.4375,-0.6875,-0.296875,1601286304804
182.4375,-0.671875,-0.3125,1601286304807
182.4375,-0.671875,-0.3125,1601286304810
182.4375,-0.671875,-0.3125,1601286304819
182.4375,-0.671875,-0.3125,1601286304821
182.42188,-0.671875,-0.296875,1601286304824
182.42188,-0.671875,-0.28125,1601286304832
182.42188,-0.671875,-0.28125,1601286304834
182.42188,-0.671875,-0.28125,1601286304840
182.42188,-0.671875,-0.265625,1601286304845
182.40625,-0.671875,-0.234375,1601286304848
182.40625,-0.671875,-0.234375,1601286304855
182.40625,-0.671875,-0.234375,1601286304860
182.40625,-0.671875,-0.203125,1601286304866
182.39062,-0.65625,-0.1875,1601286304870
182.39062,-0.65625,-0.1875,1601286304876
182.39062,-0.65625,-0.1875,1601286304884
182.39062,-0.65625,-0.171875,1601286304886
182.39062,-0.65625,-0.15625,1601286304888
182.39062,-0.65625,-0.15625,1601286304898
182.39062,-0.65625,-0.15625,1601286304899
182.375,-0.640625,-0.15625,1601286304907
182.375,-0.640625,-0.15625,1601286304915
182.375,-0.640625,-0.15625,1601286304917
182.375,-0.640625,-0.15625,1601286304922
182.35938,-0.625,-0.171875,1601286304926
182.35938,-0.625,-0.171875,1601286304933
182.35938,-0.625,-0.171875,1601286304935
182.35938,-0.625,-0.171875,1601286304940
182.34375,-0.609375,-0.203125,1601286304946
182.34375,-0.609375,-0.203125,1601286304950
182.34375,-0.609375,-0.203125,1601286304956
182.34375,-0.609375,-0.203125,1601286304965
182.32812,-0.625,-0.1875,1601286304967
182.32812,-0.625,-0.1875,1601286304970
182.32812,-0.625,-0.1875,1601286304979
182.32812,-0.625,-0.1875,1601286304982
182.32812,-0.65625,-0.15625,1601286304985
182.32812,-0.65625,-0.15625,1601286304991
182.32812,-0.65625,-0.15625,1601286305000
182.32812,-0.65625,-0.15625,1601286305002
182.34375,-0.6875,-0.140625,1601286305006
182.35938,-0.703125,-0.140625,1601286305010
182.375,-0.703125,-0.140625,1601286305020
182.375,-0.703125,-0.140625,1601286305022
182.375,-0.703125,-0.140625,1601286305032
182.375,-0.703125,-0.140625,1601286305036
182.40625,-0.703125,-0.15625,1601286305036
182.40625,-0.703125,-0.15625,1601286305041
182.40625,-0.703125,-0.15625,1601286305053
182.4375,-0.6875,-0.171875,1601286305055
182.46875,-0.6875,-0.203125,1601286305056
182.46875,-0.6875,-0.203125,1601286305063
182.46875,-0.6875,-0.203125,1601286305065
182.5,-0.671875,-0.203125,1601286305069
182.53125,-0.671875,-0.21875,1601286305075
182.53125,-0.671875,-0.21875,1601286305081
182.53125,-0.671875,-0.21875,1601286305086
182.5625,-0.6875,-0.21875,1601286305091
182.57812,-0.71875,-0.203125,1601286305096
182.57812,-0.71875,-0.203125,1601286305101
182.59375,-0.75,-0.1875,1601286305107
182.59375,-0.75,-0.1875,1601286305113
182.59375,-0.75,-0.1875,1601286305115
182.60938,-0.78125,-0.15625,1601286305120
182.60938,-0.78125,-0.15625,1601286305128
182.625,-0.8125,-0.140625,1601286305131
182.625,-0.8125,-0.140625,1601286305135
182.625,-0.84375,-0.125,1601286305140
182.64062,-0.859375,-0.109375,1601286305151
182.64062,-0.859375,-0.109375,1601286305155
182.64062,-0.859375,-0.109375,1601286305157
182.625,-0.875,-0.09375,1601286305166
182.625,-0.875,-0.09375,1601286305169
182.625,-0.875,-0.09375,1601286305171
182.625,-0.875,-0.09375,1601286305179
182.625,-0.875,-0.078125,1601286305182
182.60938,-0.875,-0.078125,1601286305186
182.60938,-0.875,-0.078125,1601286305191
182.60938,-0.875,-0.078125,1601286305197
182.60938,-0.890625,-0.0625,1601286305200
182.60938,-0.890625,-0.078125,1601286305205
182.60938,-0.890625,-0.078125,1601286305211
182.60938,-0.890625,-0.078125,1601286305216
182.60938,-0.890625,-0.078125,1601286305220
182.60938,-0.90625,-0.078125,1601286305232
182.60938,-0.90625,-0.078125,1601286305234
182.60938,-0.90625,-0.078125,1601286305236
182.60938,-0.921875,-0.078125,1601286305240
182.60938,-0.921875,-0.09375,1601286305247
182.60938,-0.921875,-0.09375,1601286305250
182.60938,-0.921875,-0.09375,1601286305255
182.60938,-0.921875,-0.09375,1601286305265
182.60938,-0.90625,-0.109375,1601286305268
182.60938,-0.90625,-0.109375,1601286305271
182.60938,-0.90625,-0.109375,1601286305278
182.60938,-0.890625,-0.109375,1601286305280
182.60938,-0.859375,-0.125,1601286305286
182.60938,-0.859375,-0.125,1601286305294
182.60938,-0.859375,-0.125,1601286305297
182.60938,-0.828125,-0.125,1601286305300
182.60938,-0.8125,-0.109375,1601286305304
182.60938,-0.8125,-0.109375,1601286305310
182.60938,-0.8125,-0.109375,1601286305316
182.60938,-0.8125,-0.109375,1601286305320
182.60938,-0.8125,-0.09375,1601286305331
182.60938,-0.8125,-0.09375,1601286305332
182.60938,-0.8125,-0.09375,1601286305335
182.625,-0.8125,-0.09375,1601286305343
182.625,-0.828125,-0.09375,1601286305345
182.625,-0.828125,-0.09375,1601286305349
182.625,-0.828125,-0.09375,1601286305357
182.625,-0.828125,-0.078125,1601286305365
182.625,-0.84375,-0.078125,1601286305368
182.625,-0.84375,-0.078125,1601286305371
182.625,-0.84375,-0.078125,1601286305380
182.625,-0.84375,-0.0625,1601286305382
182.625,-0.828125,-0.0625,1601286305385
182.625,-0.828125,-0.0625,1601286305396
182.625,-0.828125,-0.0625,1601286305399
182.60938,-0.8125,-0.0625,1601286305401
182.60938,-0.796875,-0.0625,1601286305407
182.60938,-0.796875,-0.0625,1601286305420
182.60938,-0.796875,-0.0625,1601286305422
182.625,-0.765625,-0.078125,1601286305426
182.625,-0.75,-0.09375,1601286305428
182.625,-0.75,-0.09375,1601286305437
182.625,-0.75,-0.09375,1601286305441
182.64062,-0.734375,-0.109375,1601286305444
182.65625,-0.734375,-0.109375,1601286305447
182.65625,-0.734375,-0.109375,1601286305455
182.65625,-0.734375,-0.109375,1601286305456
182.67188,-0.734375,-0.109375,1601286305462
182.67188,-0.734375,-0.109375,1601286305466
182.67188,-0.734375,-0.109375,1601286305474
182.67188,-0.734375,-0.109375,1601286305476
182.6875,-0.734375,-0.109375,1601286305483
182.6875,-0.71875,-0.125,1601286305486
182.6875,-0.71875,-0.125,1601286305494
182.6875,-0.71875,-0.125,1601286305496
182.6875,-0.703125,-0.140625,1601286305503
182.6875,-0.6875,-0.15625,1601286305505
182.6875,-0.6875,-0.15625,1601286305512
182.6875,-0.6875,-0.15625,1601286305517
182.6875,-0.65625,-0.171875,1601286305522
182.67188,-0.640625,-0.1875,1601286305533
182.67188,-0.640625,-0.1875,1601286305535
182.67188,-0.640625,-0.1875,1601286305536
182.67188,-0.640625,-0.1875,1601286305542
182.65625,-0.625,-0.203125,1601286305546
182.65625,-0.625,-0.203125,1601286305550
182.65625,-0.625,-0.203125,1601286305561
182.65625,-0.625,-0.203125,1601286305564
182.64062,-0.640625,-0.171875,1601286305568
182.64062,-0.640625,-0.171875,1601286305571
182.64062,-0.640625,-0.171875,1601286305578
182.60938,-0.65625,-0.15625,1601286305581
182.60938,-0.65625,-0.15625,1601286305587
182.60938,-0.65625,-0.15625,1601286305596
182.60938,-0.65625,-0.15625,1601286305598
182.57812,-0.65625,-0.15625,1601286305601
182.57812,-0.65625,-0.15625,1601286305612
182.57812,-0.65625,-0.15625,1601286305614
182.57812,-0.65625,-0.15625,1601286305616
182.5625,-0.640625,-0.171875,1601286305625
182.5625,-0.640625,-0.171875,1601286305627
182.5625,-0.640625,-0.171875,1601286305632
182.5625,-0.640625,-0.171875,1601286305637
182.5625,-0.640625,-0.171875,1601286305645
182.53125,-0.609375,-0.171875,1601286305648
182.53125,-0.609375,-0.171875,1601286305652
182.53125,-0.609375,-0.171875,1601286305662
182.53125,-0.609375,-0.171875,1601286305665
182.51562,-0.609375,-0.171875,1601286305667
182.51562,-0.609375,-0.171875,1601286305678
182.51562,-0.609375,-0.171875,1601286305680
182.51562,-0.609375,-0.171875,1601286305683
182.51562,-0.625,-0.171875,1601286305686
182.51562,-0.625,-0.171875,1601286305692
182.51562,-0.625,-0.171875,1601286305696
182.51562,-0.625,-0.171875,1601286305701
182.51562,-0.625,-0.1875,1601286305709
182.51562,-0.625,-0.1875,1601286305712
182.51562,-0.625,-0.1875,1601286305718
182.51562,-0.625,-0.1875,1601286305723
182.51562,-0.609375,-0.203125,1601286305727
182.51562,-0.609375,-0.203125,1601286305739
182.51562,-0.609375,-0.203125,1601286305742
182.51562,-0.609375,-0.203125,1601286305744
182.53125,-0.59375,-0.25,1601286305746
182.53125,-0.59375,-0.25,1601286305754
182.53125,-0.59375,-0.25,1601286305756
182.53125,-0.59375,-0.25,1601286305761
182.5625,-0.59375,-0.28125,1601286305766
182.5625,-0.59375,-0.28125,1601286305772
182.5625,-0.59375,-0.28125,1601286305778
182.5625,-0.59375,-0.28125,1601286305783
182.57812,-0.609375,-0.3125,1601286305790
182.57812,-0.609375,-0.3125,1601286305792
182.57812,-0.609375,-0.3125,1601286305801
182.57812,-0.609375,-0.3125,1601286305805
182.60938,-0.625,-0.34375,1601286305807
182.60938,-0.625,-0.34375,1601286305816
182.60938,-0.625,-0.34375,1601286305817
182.60938,-0.625,-0.34375,1601286305824
182.625,-0.640625,-0.375,1601286305826
182.625,-0.640625,-0.375,1601286305831
182.625,-0.640625,-0.375,1601286305839
182.625,-0.640625,-0.375,1601286305850
182.625,-0.65625,-0.390625,1601286305856
182.625,-0.65625,-0.390625,1601286305858
182.625,-0.65625,-0.390625,1601286305859
182.625,-0.65625,-0.390625,1601286305868
182.625,-0.671875,-0.390625,1601286305872
182.625,-0.671875,-0.390625,1601286305874
182.625,-0.671875,-0.390625,1601286305882
182.625,-0.671875,-0.390625,1601286305885
182.625,-0.671875,-0.390625,1601286305889
182.625,-0.671875,-0.390625,1601286305896
182.625,-0.671875,-0.390625,1601286305898
182.625,-0.671875,-0.390625,1601286305902
182.625,-0.6875,-0.375,1601286305908
182.625,-0.6875,-0.375,1601286305911
182.625,-0.6875,-0.375,1601286305917
182.625,-0.6875,-0.375,1601286305924
182.64062,-0.671875,-0.375,1601286305927
182.64062,-0.671875,-0.375,1601286305932
182.64062,-0.671875,-0.375,1601286305943
182.64062,-0.671875,-0.375,1601286305947
182.65625,-0.65625,-0.375,1601286305952
182.65625,-0.65625,-0.375,1601286305955
182.65625,-0.65625,-0.375,1601286305961
182.65625,-0.65625,-0.375,1601286305963
182.65625,-0.640625,-0.375,1601286305967
182.65625,-0.640625,-0.375,1601286305973
182.65625,-0.640625,-0.375,1601286305977
182.65625,-0.640625,-0.375,1601286305982
182.67188,-0.640625,-0.375,1601286305994
182.67188,-0.640625,-0.375,1601286305995
182.67188,-0.640625,-0.375,1601286305998
182.67188,-0.640625,-0.375,1601286306001
182.67188,-0.59375,-0.359375,1601286306009
182.67188,-0.59375,-0.359375,1601286306014
182.67188,-0.59375,-0.359375,1601286306018
182.67188,-0.59375,-0.359375,1601286306025
182.70312,-0.5625,-0.359375,1601286306029
182.70312,-0.5625,-0.359375,1601286306034
182.71875,-0.546875,-0.34375,1601286306043
182.71875,-0.546875,-0.34375,1601286306045
182.71875,-0.5625,-0.328125,1601286306049
182.71875,-0.5625,-0.328125,1601286306053
182.71875,-0.578125,-0.3125,1601286306059
182.71875,-0.578125,-0.3125,1601286306063
182.73438,-0.609375,-0.296875,1601286306067
182.73438,-0.609375,-0.296875,1601286306074
182.71875,-0.609375,-0.296875,1601286306078
182.71875,-0.609375,-0.296875,1601286306082
182.71875,-0.625,-0.296875,1601286306089
182.71875,-0.625,-0.296875,1601286306092
182.70312,-0.625,-0.28125,1601286306098
182.70312,-0.625,-0.28125,1601286306103
182.70312,-0.609375,-0.28125,1601286306113
182.70312,-0.609375,-0.28125,1601286306114
182.70312,-0.609375,-0.28125,1601286306118
182.70312,-0.609375,-0.28125,1601286306124
182.71875,-0.59375,-0.28125,1601286306129
182.71875,-0.59375,-0.28125,1601286306133
182.71875,-0.59375,-0.28125,1601286306141
182.71875,-0.59375,-0.28125,1601286306143
182.73438,-0.578125,-0.28125,1601286306147
182.73438,-0.578125,-0.28125,1601286306154
182.73438,-0.578125,-0.28125,1601286306164
182.73438,-0.578125,-0.265625,1601286306168
182.73438,-0.5625,-0.25,1601286306172
182.73438,-0.5625,-0.25,1601286306174
182.73438,-0.5625,-0.25,1601286306185
182.73438,-0.5625,-0.25,1601286306188
182.75,-0.546875,-0.25,1601286306192
182.75,-0.546875,-0.25,1601286306194
182.75,-0.546875,-0.25,1601286306203
182.75,-0.546875,-0.25,1601286306205
182.75,-0.546875,-0.234375,1601286306207
182.75,-0.546875,-0.234375,1601286306212
182.75,-0.546875,-0.234375,1601286306218
182.73438,-0.546875,-0.234375,1601286306225
182.73438,-0.546875,-0.234375,1601286306228
182.73438,-0.546875,-0.234375,1601286306235
182.73438,-0.546875,-0.234375,1601286306240
182.71875,-0.546875,-0.21875,1601286306243
182.70312,-0.53125,-0.203125,1601286306248
182.70312,-0.53125,-0.203125,1601286306255
182.70312,-0.53125,-0.203125,1601286306258
182.6875,-0.515625,-0.1875,1601286306263
182.67188,-0.5,-0.171875,1601286306267
182.67188,-0.5,-0.171875,1601286306273
182.67188,-0.5,-0.171875,1601286306277
182.67188,-0.484375,-0.15625,1601286306284
182.67188,-0.46875,-0.140625,1601286306289
182.67188,-0.46875,-0.140625,1601286306293
182.67188,-0.46875,-0.140625,1601286306299
182.67188,-0.46875,-0.125,1601286306308
182.67188,-0.46875,-0.109375,1601286306311
182.67188,-0.46875,-0.109375,1601286306314
182.67188,-0.46875,-0.109375,1601286306320
182.65625,-0.453125,-0.109375,1601286306328
182.64062,-0.453125,-0.125,1601286306332
182.64062,-0.453125,-0.125,1601286306334
182.64062,-0.453125,-0.125,1601286306344
182.625,-0.46875,-0.125,1601286306346
182.625,-0.46875,-0.125,1601286306350
182.625,-0.46875,-0.125,1601286306359
182.625,-0.46875,-0.125,1601286306361
182.625,-0.453125,-0.140625,1601286306364
182.60938,-0.453125,-0.140625,1601286306371
182.60938,-0.453125,-0.140625,1601286306375
182.60938,-0.453125,-0.140625,1601286306378
182.60938,-0.453125,-0.140625,1601286306384
182.60938,-0.453125,-0.140625,1601286306393
182.60938,-0.453125,-0.140625,1601286306394
182.60938,-0.453125,-0.140625,1601286306398
182.60938,-0.453125,-0.125,1601286306404
182.60938,-0.46875,-0.109375,1601286306408
182.60938,-0.46875,-0.109375,1601286306415
182.60938,-0.46875,-0.109375,1601286306429
182.60938,-0.484375,-0.109375,1601286306432
182.60938,-0.484375,-0.09375,1601286306435
182.60938,-0.484375,-0.09375,1601286306437
182.60938,-0.484375,-0.09375,1601286306439
182.625,-0.484375,-0.09375,1601286306452
182.625,-0.484375,-0.109375,1601286306454
182.625,-0.484375,-0.109375,1601286306455
182.625,-0.484375,-0.109375,1601286306460
182.625,-0.46875,-0.125,1601286306465
182.625,-0.453125,-0.140625,1601286306468
182.625,-0.453125,-0.140625,1601286306473
182.625,-0.453125,-0.140625,1601286306479
182.625,-0.453125,-0.140625,1601286306484
182.64062,-0.453125,-0.140625,1601286306489
182.64062,-0.453125,-0.140625,1601286306493
182.64062,-0.453125,-0.140625,1601286306498
182.64062,-0.453125,-0.140625,1601286306504
182.64062,-0.453125,-0.125,1601286306508
182.64062,-0.453125,-0.125,1601286306513
182.64062,-0.453125,-0.125,1601286306522
182.64062,-0.453125,-0.125,1601286306525
182.64062,-0.4375,-0.125,1601286306528
182.64062,-0.4375,-0.125,1601286306538
182.64062,-0.4375,-0.125,1601286306540
182.64062,-0.421875,-0.125,1601286306544
182.64062,-0.40625,-0.125,1601286306548
182.64062,-0.40625,-0.125,1601286306555
182.64062,-0.40625,-0.125,1601286306559
182.65625,-0.40625,-0.125,1601286306563
182.65625,-0.40625,-0.125,1601286306572
182.65625,-0.40625,-0.125,1601286306574
182.65625,-0.40625,-0.125,1601286306581
182.65625,-0.421875,-0.125,1601286306588
182.65625,-0.421875,-0.125,1601286306589
182.65625,-0.421875,-0.125,1601286306594
182.65625,-0.421875,-0.125,1601286306599
182.65625,-0.40625,-0.125,1601286306607
182.65625,-0.40625,-0.125,1601286306609
182.65625,-0.40625,-0.125,1601286306614
182.65625,-0.40625,-0.125,1601286306621
182.67188,-0.390625,-0.125,1601286306626
182.67188,-0.375,-0.125,1601286306629
182.67188,-0.375,-0.125,1601286306638
182.67188,-0.375,-0.125,1601286306641
182.6875,-0.359375,-0.109375,1601286306645
182.6875,-0.359375,-0.109375,1601286306650
182.6875,-0.359375,-0.109375,1601286306660
182.6875,-0.359375,-0.109375,1601286306661
182.70312,-0.3125,-0.09375,1601286306665
182.70312,-0.3125,-0.09375,1601286306672
182.70312,-0.3125,-0.09375,1601286306675
182.70312,-0.3125,-0.09375,1601286306682
182.71875,-0.28125,-0.09375,1601286306691
182.71875,-0.28125,-0.09375,1601286306692
182.71875,-0.28125,-0.09375,1601286306695
182.71875,-0.28125,-0.09375,1601286306704
182.73438,-0.265625,-0.09375,1601286306707
182.73438,-0.265625,-0.09375,1601286306709
182.73438,-0.265625,-0.09375,1601286306714
182.73438,-0.265625,-0.09375,1601286306721
182.73438,-0.28125,-0.0625,1601286306725
182.73438,-0.28125,-0.0625,1601286306729
182.73438,-0.28125,-0.0625,1601286306738
182.73438,-0.28125,-0.0625,1601286306740
182.75,-0.296875,-0.046875,1601286306746
182.75,-0.296875,-0.046875,1601286306754
182.75,-0.296875,-0.046875,1601286306757
182.75,-0.296875,-0.046875,1601286306760
182.75,-0.265625,-0.03125,1601286306767
182.75,-0.265625,-0.03125,1601286306770
182.75,-0.265625,-0.03125,1601286306779
182.75,-0.265625,-0.03125,1601286306781
182.76562,-0.234375,-0.015625,1601286306790
182.76562,-0.234375,-0.015625,1601286306792
182.76562,-0.234375,-0.015625,1601286306795
182.76562,-0.234375,-0.015625,1601286306803
182.76562,-0.265625,0.015625,1601286306806
182.76562,-0.265625,0.015625,1601286306809
182.76562,-0.265625,0.015625,1601286306816
182.76562,-0.265625,0.015625,1601286306826
182.76562,-0.3125,0.03125,1601286306830
182.76562,-0.3125,0.03125,1601286306833
182.76562,-0.3125,0.03125,1601286306836
182.76562,-0.3125,0.03125,1601286306846
182.76562,-0.328125,0.046875,1601286306850
182.76562,-0.328125,0.046875,1601286306852
182.76562,-0.328125,0.046875,1601286306861
182.76562,-0.328125,0.046875,1601286306863
182.79688,-0.34375,0.046875,1601286306867
182.79688,-0.34375,0.046875,1601286306873
182.79688,-0.34375,0.046875,1601286306876
182.79688,-0.34375,0.046875,1601286306880
182.8125,-0.34375,0.0625,1601286306888
182.8125,-0.34375,0.0625,1601286306890
182.8125,-0.34375,0.0625,1601286306894
182.8125,-0.34375,0.0625,1601286306903
182.82812,-0.359375,0.0625,1601286306905
182.82812,-0.359375,0.0625,1601286306909
182.82812,-0.359375,0.0625,1601286306915
182.82812,-0.359375,0.0625,1601286306919
182.84375,-0.390625,0.0625,1601286306925
182.84375,-0.390625,0.0625,1601286306930
182.84375,-0.390625,0.0625,1601286306935
182.84375,-0.390625,0.0625,1601286306940
182.82812,-0.390625,0.046875,1601286306944
182.82812,-0.390625,0.046875,1601286306954
182.82812,-0.390625,0.046875,1601286306956
182.82812,-0.390625,0.046875,1601286306960
182.8125,-0.390625,0.03125,1601286306966
182.8125,-0.390625,0.03125,1601286306975
182.8125,-0.390625,0.03125,1601286306976
182.8125,-0.390625,0.03125,1601286306980
182.79688,-0.390625,0.03125,1601286306988
182.79688,-0.390625,0.03125,1601286306991
182.79688,-0.390625,0.03125,1601286306995
182.79688,-0.390625,0.03125,1601286307006
182.79688,-0.390625,0.046875,1601286307010
182.79688,-0.390625,0.046875,1601286307012
182.79688,-0.390625,0.046875,1601286307015
182.79688,-0.390625,0.046875,1601286307023
182.79688,-0.390625,0.046875,1601286307027
182.79688,-0.390625,0.046875,1601286307030
182.79688,-0.390625,0.046875,1601286307037
182.79688,-0.390625,0.046875,1601286307040
182.78125,-0.40625,0.0625,1601286307044
182.78125,-0.40625,0.0625,1601286307052
182.78125,-0.40625,0.0625,1601286307055
182.78125,-0.40625,0.0625,1601286307062
182.76562,-0.421875,0.078125,1601286307072
182.76562,-0.421875,0.078125,1601286307075
182.76562,-0.421875,0.078125,1601286307077
182.76562,-0.421875,0.078125,1601286307081
182.75,-0.40625,0.078125,1601286307092
182.75,-0.40625,0.078125,1601286307093
182.75,-0.40625,0.078125,1601286307095
182.75,-0.40625,0.09375,1601286307103
182.76562,-0.40625,0.09375,1601286307106
182.76562,-0.40625,0.09375,1601286307110
182.76562,-0.40625,0.09375,1601286307121
182.76562,-0.40625,0.078125,1601286307125
182.79688,-0.40625,0.078125,1601286307128
182.79688,-0.40625,0.078125,1601286307132
182.79688,-0.40625,0.078125,1601286307138
182.79688,-0.40625,0.078125,1601286307140
182.92188,-0.390625,0.078125,1601286307144
182.92188,-0.390625,0.078125,1601286307151
182.92188,-0.390625,0.078125,1601286307155
183.04688,-0.4375,0.09375,1601286307162
183.21875,-0.609375,0.171875,1601286307170
183.21875,-0.609375,0.171875,1601286307171
183.21875,-0.609375,0.171875,1601286307177
183.21875,-0.609375,0.171875,1601286307186
183.6875,-1.59375,0.71875,1601286307190
183.6875,-1.59375,0.71875,1601286307192
183.6875,-1.59375,0.71875,1601286307196
183.6875,-1.59375,0.71875,1601286307203
184.29688,-3.515625,1.75,1601286307207
184.29688,-3.515625,1.75,1601286307211
184.29688,-3.515625,1.75,1601286307222
184.29688,-3.515625,1.75,1601286307226
185.09375,-6.15625,3.03125,1601286307229
185.09375,-6.15625,3.03125,1601286307231
185.09375,-6.15625,3.03125,1601286307240
185.09375,-6.15625,3.03125,1601286307242
186.1875,-9.328125,4.40625,1601286307247
186.1875,-9.328125,4.40625,1601286307253
186.1875,-9.328125,4.40625,1601286307256
186.1875,-9.328125,4.40625,1601286307262
187.625,-12.90625,5.71875,1601286307269
187.625,-12.90625,5.71875,1601286307271
187.625,-12.90625,5.71875,1601286307278
187.625,-12.90625,5.71875,1601286307285
189.39062,-16.859375,6.84375,1601286307289
189.39062,-16.859375,6.84375,1601286307292
189.39062,-16.859375,6.84375,1601286307302
189.39062,-16.859375,6.84375,1601286307304
191.45312,-21.09375,7.75,1601286307307
191.45312,-21.09375,7.75,1601286307314
191.45312,-21.09375,7.75,1601286307321
191.45312,-21.09375,7.75,1601286307322
193.8125,-25.78125,8.546875,1601286307327
193.8125,-25.78125,8.546875,1601286307340
193.8125,-25.78125,8.546875,1601286307342
193.8125,-25.78125,8.546875,1601286307344
196.57812,-30.984375,9.140625,1601286307346
196.57812,-30.984375,9.140625,1601286307351
196.57812,-30.984375,9.140625,1601286307357
196.57812,-30.984375,9.140625,1601286307362
198.10938,-33.71875,9.296875,1601286307367
198.10938,-33.71875,9.296875,1601286307371
198.10938,-33.71875,9.296875,1601286307377
198.10938,-33.71875,9.296875,1601286307383
201.42188,-39.234375,9.171875,1601286307387
201.42188,-39.234375,9.171875,1601286307391
201.42188,-39.234375,9.171875,1601286307398
201.42188,-39.234375,9.171875,1601286307405
205.0,-44.625,8.53125,1601286307407
205.0,-44.625,8.53125,1601286307412
205.0,-44.625,8.53125,1601286307419
205.0,-44.625,8.53125,1601286307421
208.82812,-49.796875,7.640625,1601286307428
208.82812,-49.796875,7.640625,1601286307434
208.82812,-49.796875,7.640625,1601286307438
208.82812,-49.796875,7.640625,1601286307443
212.96875,-54.9375,6.453125,1601286307452
212.96875,-54.9375,6.453125,1601286307455
212.96875,-54.9375,6.453125,1601286307459
212.96875,-54.9375,6.453125,1601286307461
217.29688,-60.03125,4.890625,1601286307468
217.29688,-60.03125,4.890625,1601286307473
217.29688,-60.03125,4.890625,1601286307477
217.29688,-60.03125,4.890625,1601286307484
221.5625,-64.6875,2.9375,1601286307489
221.5625,-64.6875,2.9375,1601286307492
221.5625,-64.6875,2.9375,1601286307503
221.5625,-64.6875,2.9375,1601286307505
225.51562,-68.4375,0.703125,1601286307508
225.51562,-68.4375,0.703125,1601286307514
225.51562,-68.4375,0.703125,1601286307523
225.51562,-68.4375,0.703125,1601286307525
229.51562,-71.28125,-1.671875,1601286307528
229.51562,-71.28125,-1.671875,1601286307534
229.51562,-71.28125,-1.671875,1601286307537
229.51562,-71.28125,-1.671875,1601286307543
233.5,-73.28125,-3.78125,1601286307551
233.5,-73.28125,-3.78125,1601286307554
233.5,-73.28125,-3.78125,1601286307558
233.5,-73.28125,-3.78125,1601286307562
237.5625,-74.78125,-5.765625,1601286307571
237.5625,-74.78125,-5.765625,1601286307574
237.5625,-74.78125,-5.765625,1601286307577
237.5625,-74.78125,-5.765625,1601286307587
241.54688,-75.6875,-7.859375,1601286307590
241.54688,-75.6875,-7.859375,1601286307593
241.54688,-75.6875,-7.859375,1601286307600
241.54688,-75.6875,-7.859375,1601286307601
245.45312,-75.765625,-10.0625,1601286307607
245.45312,-75.765625,-10.0625,1601286307613
245.45312,-75.765625,-10.0625,1601286307617
245.45312,-75.765625,-10.0625,1601286307621
249.54688,-75.09375,-12.265625,1601286307626
249.54688,-75.09375,-12.265625,1601286307633
249.54688,-75.09375,-12.265625,1601286307637
249.54688,-75.09375,-12.265625,1601286307643
256.20312,-73.390625,-15.390625,1601286307648
256.20312,-73.390625,-15.390625,1601286307653
256.20312,-73.390625,-15.390625,1601286307657
256.20312,-73.390625,-15.390625,1601286307665
260.96875,-71.8125,-17.5625,1601286307670
260.96875,-71.8125,-17.5625,1601286307672
260.96875,-71.8125,-17.5625,1601286307677
260.96875,-71.8125,-17.5625,1601286307684
265.84375,-69.90625,-19.8125,1601286307687
265.84375,-69.90625,-19.8125,1601286307692
265.84375,-69.90625,-19.8125,1601286307701
265.84375,-69.90625,-19.8125,1601286307703
270.21875,-68.0,-21.90625,1601286307708
270.21875,-68.0,-21.90625,1601286307712
270.21875,-68.0,-21.90625,1601286307720
270.21875,-68.0,-21.90625,1601286307723
273.875,-66.21875,-23.734375,1601286307729
273.875,-66.21875,-23.734375,1601286307737
273.875,-66.21875,-23.734375,1601286307739
273.875,-66.21875,-23.734375,1601286307745
277.125,-64.515625,-25.46875,1601286307749
277.125,-64.515625,-25.46875,1601286307759
277.125,-64.515625,-25.46875,1601286307761
280.10938,-62.90625,-27.09375,1601286307763
280.10938,-62.90625,-27.09375,1601286307769
280.10938,-62.90625,-27.09375,1601286307772
280.10938,-62.90625,-27.09375,1601286307782
280.10938,-62.90625,-27.09375,1601286307783
282.5,-61.546875,-28.453125,1601286307790
282.5,-61.546875,-28.453125,1601286307792
282.5,-61.546875,-28.453125,1601286307801
282.5,-61.546875,-28.453125,1601286307806
284.15625,-60.515625,-29.484375,1601286307808
284.15625,-60.515625,-29.484375,1601286307815
284.15625,-60.515625,-29.484375,1601286307817
284.15625,-60.515625,-29.484375,1601286307824
285.29688,-59.6875,-30.3125,1601286307829
285.29688,-59.6875,-30.3125,1601286307834
285.29688,-59.6875,-30.3125,1601286307838
285.76562,-59.28125,-30.71875,1601286307843
286.1875,-58.890625,-31.109375,1601286307850
286.1875,-58.890625,-31.109375,1601286307854
286.1875,-58.890625,-31.109375,1601286307858
286.625,-58.5,-31.5,1601286307864
287.10938,-58.09375,-31.90625,1601286307868
287.10938,-58.09375,-31.90625,1601286307873
287.10938,-58.09375,-31.90625,1601286307883
287.67188,-57.6875,-32.3125,1601286307885
288.26562,-57.28125,-32.71875,1601286307888
288.26562,-57.28125,-32.71875,1601286307892
288.26562,-57.28125,-32.71875,1601286307902
288.96875,-56.84375,-33.140625,1601286307904
289.625,-56.46875,-33.53125,1601286307907
289.625,-56.46875,-33.53125,1601286307917
289.625,-56.46875,-33.53125,1601286307919
290.29688,-56.09375,-33.90625,1601286307923
290.92188,-55.734375,-34.25,1601286307933
290.92188,-55.734375,-34.25,1601286307937
290.92188,-55.734375,-34.25,1601286307938
291.5,-55.40625,-34.578125,1601286307943
292.0,-55.109375,-34.875,1601286307951
292.0,-55.109375,-34.875,1601286307953
292.0,-55.109375,-34.875,1601286307958
292.42188,-54.84375,-35.15625,1601286307966
292.75,-54.59375,-35.390625,1601286307969
292.75,-54.59375,-35.390625,1601286307973
292.75,-54.59375,-35.390625,1601286307982
293.01562,-54.390625,-35.59375,1601286307985
293.01562,-54.390625,-35.59375,1601286307990
293.01562,-54.390625,-35.59375,1601286307993
293.01562,-54.390625,-35.59375,1601286307999
293.40625,-54.09375,-35.890625,1601286308004
293.40625,-54.09375,-35.890625,1601286308008
293.40625,-54.09375,-35.890625,1601286308015
293.40625,-54.09375,-35.890625,1601286308017
293.78125,-53.90625,-36.078125,1601286308022
293.78125,-53.90625,-36.078125,1601286308034
293.78125,-53.90625,-36.078125,1601286308035
293.78125,-53.90625,-36.078125,1601286308038
294.0625,-53.84375,-36.15625,1601286308043
294.0625,-53.84375,-36.15625,1601286308049
294.0625,-53.84375,-36.15625,1601286308053
294.0625,-53.84375,-36.15625,1601286308059
294.04688,-53.9375,-36.0625,1601286308064
294.04688,-53.9375,-36.0625,1601286308068
294.04688,-53.9375,-36.0625,1601286308074
294.04688,-53.9375,-36.0625,1601286308087
293.73438,-54.140625,-35.859375,1601286308092
293.73438,-54.140625,-35.859375,1601286308095
293.73438,-54.140625,-35.859375,1601286308098
293.73438,-54.140625,-35.859375,1601286308099
293.35938,-125.609375,-35.609375,1601286308110
293.35938,-125.609375,-35.609375,1601286308113
293.35938,-125.609375,-35.609375,1601286308115
293.35938,-125.609375,-35.609375,1601286308124
293.07812,-125.359375,-35.359375,1601286308129
293.07812,-125.359375,-35.359375,1601286308131
293.07812,-125.359375,-35.359375,1601286308139
293.07812,-125.359375,-35.359375,1601286308140
292.95312,-125.125,-35.109375,1601286308143
292.84375,-125.0,-34.984375,1601286308149
292.84375,-125.0,-34.984375,1601286308153
292.84375,-125.0,-34.984375,1601286308159
292.6875,-124.859375,-34.84375,1601286308168
292.6875,-124.859375,-34.84375,1601286308170
292.6875,-124.859375,-34.84375,1601286308175
292.6875,-124.859375,-34.84375,1601286308185
292.17188,-124.578125,-34.5625,1601286308190
292.17188,-124.578125,-34.5625,1601286308194
292.17188,-124.578125,-34.5625,1601286308196
291.84375,-124.453125,-34.421875,1601286308206
291.23438,-124.234375,-34.21875,1601286308208
291.23438,-124.234375,-34.21875,1601286308210
291.23438,-124.234375,-34.21875,1601286308216
291.23438,-124.234375,-34.21875,1601286308219
290.92188,-124.15625,-34.140625,1601286308225
290.92188,-124.15625,-34.140625,1601286308231
290.92188,-124.15625,-34.140625,1601286308235
290.92188,-124.15625,-34.140625,1601286308239
290.95312,-124.1875,-34.15625,1601286308247
290.95312,-124.1875,-34.15625,1601286308249
290.95312,-124.1875,-34.15625,1601286308254
290.95312,-124.1875,-34.15625,1601286308258
291.0625,-124.203125,-34.1875,1601286308264
291.0625,-124.203125,-34.1875,1601286308269
291.0625,-124.203125,-34.1875,1601286308274
291.0625,-124.203125,-34.1875,1601286308281
291.0625,-124.203125,-34.1875,1601286308286
290.98438,-124.15625,-34.140625,1601286308289
290.98438,-124.15625,-34.140625,1601286308297
290.98438,-124.15625,-34.140625,1601286308304
290.98438,-124.15625,-34.140625,1601286308310
290.65625,-124.015625,-34.0,1601286308313
290.65625,-124.015625,-34.0,1601286308316
290.65625,-124.015625,-34.0,1601286308325
290.65625,-124.015625,-34.0,1601286308329
290.35938,-123.859375,-33.84375,1601286308331
290.35938,-123.859375,-33.84375,1601286308339
290.35938,-123.859375,-33.84375,1601286308341
290.35938,-123.859375,-33.84375,1601286308347
290.21875,-123.71875,-33.6875,1601286308350
290.21875,-123.71875,-33.6875,1601286308355
290.21875,-123.71875,-33.6875,1601286308361
290.21875,-123.71875,-33.6875,1601286308368
290.17188,-123.609375,-33.59375,1601286308369
290.17188,-123.609375,-33.59375,1601286308374
290.17188,-123.609375,-33.59375,1601286308380
290.17188,-123.609375,-33.59375,1601286308387
290.1875,-123.5625,-33.53125,1601286308389
290.1875,-123.5625,-33.53125,1601286308401
290.1875,-123.5625,-33.53125,1601286308405
290.1875,-123.5625,-33.53125,1601286308411
290.15625,-123.546875,-33.515625,1601286308413
290.15625,-123.546875,-33.515625,1601286308417
290.15625,-123.546875,-33.515625,1601286308420
290.15625,-123.546875,-33.515625,1601286308431
290.07812,-123.546875,-33.53125,1601286308433
290.07812,-123.546875,-33.53125,1601286308434
290.07812,-123.546875,-33.53125,1601286308438
290.07812,-123.546875,-33.53125,1601286308446
290.04688,-123.578125,-33.5625,1601286308448
290.04688,-123.578125,-33.5625,1601286308455
290.04688,-123.578125,-33.5625,1601286308466
290.04688,-123.578125,-33.5625,1601286308468
290.10938,-123.609375,-33.59375,1601286308470
290.10938,-123.609375,-33.59375,1601286308474
290.10938,-123.609375,-33.59375,1601286308481
290.10938,-123.609375,-33.59375,1601286308484
290.20312,-123.625,-33.609375,1601286308494
290.20312,-123.625,-33.609375,1601286308496
290.20312,-123.625,-33.609375,1601286308504
290.20312,-123.625,-33.609375,1601286308507
290.3125,-123.65625,-33.640625,1601286308515
290.3125,-123.65625,-33.640625,1601286308516
290.3125,-123.65625,-33.640625,1601286308519
290.3125,-123.65625,-33.640625,1601286308523
290.39062,-123.703125,-33.671875,1601286308528
290.39062,-123.703125,-33.671875,1601286308533
290.39062,-123.703125,-33.671875,1601286308540
290.39062,-123.703125,-33.671875,1601286308546
290.35938,-123.71875,-33.6875,1601286308549
290.35938,-123.71875,-33.6875,1601286308556
290.35938,-123.71875,-33.6875,1601286308567
290.35938,-123.71875,-33.6875,1601286308570
290.23438,-123.65625,-33.625,1601286308574
290.23438,-123.65625,-33.625,1601286308577
290.23438,-123.65625,-33.625,1601286308580
290.23438,-123.65625,-33.625,1601286308592
290.09375,-123.5625,-33.53125,1601286308594
290.09375,-123.5625,-33.53125,1601286308596
290.09375,-123.5625,-33.53125,1601286308605
290.09375,-123.5625,-33.53125,1601286308607
290.0,-123.46875,-33.4375,1601286308609
290.0,-123.46875,-33.4375,1601286308615
290.0,-123.46875,-33.4375,1601286308619
290.0,-123.46875,-33.4375,1601286308628
289.96875,-123.40625,-33.359375,1601286308629
289.96875,-123.40625,-33.359375,1601286308634
289.96875,-123.40625,-33.359375,1601286308640
289.96875,-123.40625,-33.359375,1601286308649
289.84375,-123.359375,-33.328125,1601286308652
289.84375,-123.359375,-33.328125,1601286308656
289.84375,-123.359375,-33.328125,1601286308666
289.84375,-123.359375,-33.328125,1601286308670
289.60938,-123.3125,-33.28125,1601286308672
289.60938,-123.3125,-33.28125,1601286308676
289.60938,-123.3125,-33.28125,1601286308683
289.60938,-123.3125,-33.28125,1601286308686
289.34375,-123.265625,-33.25,1601286308690
289.34375,-123.265625,-33.25,1601286308697
289.34375,-123.265625,-33.25,1601286308700
289.34375,-123.265625,-33.25,1601286308704
289.21875,-123.265625,-33.234375,1601286308710
289.21875,-123.265625,-33.234375,1601286308714
289.21875,-123.265625,-33.234375,1601286308721
289.21875,-123.265625,-33.234375,1601286308725
289.25,-123.28125,-33.265625,1601286308733
289.25,-123.28125,-33.265625,1601286308734
289.25,-123.28125,-33.265625,1601286308740
289.28125,-123.296875,-33.28125,1601286308745
289.3125,-123.328125,-33.328125,1601286308749
289.3125,-123.328125,-33.328125,1601286308755
289.3125,-123.375,-33.359375,1601286308761
289.3125,-123.375,-33.359375,1601286308764
289.3125,-123.40625,-33.390625,1601286308770
289.3125,-123.40625,-33.390625,1601286308777
289.3125,-123.40625,-33.390625,1601286308781
289.29688,-123.4375,-33.421875,1601286308786
289.29688,-123.4375,-33.421875,1601286308794
289.26562,-123.453125,-33.4375,1601286308797
289.26562,-123.453125,-33.4375,1601286308807
289.26562,-123.46875,-33.46875,1601286308810
289.26562,-123.46875,-33.46875,1601286308812
289.23438,-123.484375,-33.46875,1601286308816
289.23438,-123.484375,-33.46875,1601286308822
289.23438,-123.484375,-33.46875,1601286308829
289.23438,-123.484375,-33.46875,1601286308833
289.20312,-123.484375,-33.46875,1601286308836
289.20312,-123.484375,-33.46875,1601286308841
289.15625,-123.453125,-33.4375,1601286308850
289.15625,-123.453125,-33.4375,1601286308852
289.10938,-123.421875,-33.40625,1601286308855
289.10938,-123.421875,-33.40625,1601286308861
289.01562,-123.375,-33.359375,1601286308865
289.01562,-123.375,-33.359375,1601286308870
288.875,-123.328125,-33.296875,1601286308878
288.875,-123.328125,-33.296875,1601286308881
288.70312,-123.28125,-33.234375,1601286308886
288.70312,-123.28125,-33.234375,1601286308896
288.46875,-123.203125,-33.171875,1601286308898
288.46875,-123.203125,-33.171875,1601286308901
288.21875,-123.125,-33.078125,1601286308905
288.21875,-123.125,-33.078125,1601286308912
287.9375,-123.015625,-32.96875,1601286308915
287.9375,-123.015625,-32.96875,1601286308921
287.6875,-122.890625,-32.859375,1601286308928
287.6875,-122.890625,-32.859375,1601286308931
287.46875,-122.78125,-32.75,1601286308935
287.46875,-122.78125,-32.75,1601286308946
287.3125,-122.6875,-32.65625,1601286308949
287.3125,-122.6875,-32.65625,1601286308952
287.3125,-122.6875,-32.65625,1601286308956
287.3125,-122.6875,-32.65625,1601286308961
287.15625,-122.5625,-32.53125,1601286308964
287.15625,-122.5625,-32.53125,1601286308972
287.15625,-122.5625,-32.53125,1601286308982
287.15625,-122.5625,-32.53125,1601286308983
287.1875,-122.546875,-32.515625,1601286308987
287.1875,-122.546875,-32.515625,1601286308993
287.1875,-122.546875,-32.515625,1601286308996
287.1875,-122.546875,-32.515625,1601286309000
287.34375,-122.59375,-32.5625,1601286309005
287.34375,-122.59375,-32.5625,1601286309010
287.34375,-122.59375,-32.5625,1601286309015
287.34375,-122.59375,-32.5625,1601286309022
287.5,-122.65625,-32.625,1601286309026
287.5,-122.65625,-32.625,1601286309035
287.5,-122.65625,-32.625,1601286309039
287.5,-122.65625,-32.625,1601286309042
287.57812,-122.703125,-32.6875,1601286309052
287.57812,-122.703125,-32.6875,1601286309053
287.57812,-122.703125,-32.6875,1601286309055
287.57812,-122.703125,-32.6875,1601286309060
287.59375,-122.75,-32.71875,1601286309066
287.59375,-122.75,-32.71875,1601286309070
287.59375,-122.75,-32.71875,1601286309076
287.59375,-122.75,-32.71875,1601286309083
287.67188,-122.796875,-32.765625,1601286309086
287.67188,-122.796875,-32.765625,1601286309094
287.67188,-122.796875,-32.765625,1601286309101
287.67188,-122.796875,-32.765625,1601286309105
287.95312,-122.890625,-32.875,1601286309111
287.95312,-122.890625,-32.875,1601286309114
287.95312,-122.890625,-32.875,1601286309117
287.95312,-122.890625,-32.875,1601286309125
288.39062,-123.0,-32.96875,1601286309127
288.39062,-123.0,-32.96875,1601286309131
288.39062,-123.0,-32.96875,1601286309139
288.39062,-123.0,-32.96875,1601286309149
288.75,-123.09375,-33.0625,1601286309152
288.75,-123.09375,-33.0625,1601286309154
288.75,-123.09375,-33.0625,1601286309160
288.75,-123.09375,-33.0625,1601286309161
288.98438,-123.15625,-33.109375,1601286309170
288.98438,-123.15625,-33.109375,1601286309171
288.98438,-123.15625,-33.109375,1601286309179
288.98438,-123.15625,-33.109375,1601286309180
289.04688,-123.203125,-33.15625,1601286309187
289.04688,-123.203125,-33.15625,1601286309191
289.04688,-123.203125,-33.15625,1601286309196
289.04688,-123.203125,-33.15625,1601286309200
289.04688,-123.234375,-33.1875,1601286309207
289.04688,-123.234375,-33.1875,1601286309215
289.04688,-123.234375,-33.1875,1601286309217
289.04688,-123.234375,-33.1875,1601286309221
289.04688,-123.28125,-33.234375,1601286309227
289.04688,-123.28125,-33.234375,1601286309230
289.04688,-123.28125,-33.234375,1601286309237
289.0625,-123.3125,-33.265625,1601286309243
289.0625,-123.3125,-33.265625,1601286309246
289.09375,-123.359375,-33.328125,1601286309252
289.09375,-123.359375,-33.328125,1601286309264
289.09375,-123.359375,-33.328125,1601286309266
289.14062,-123.40625,-33.375,1601286309270
289.14062,-123.40625,-33.375,1601286309273
289.14062,-123.40625,-33.375,1601286309282
289.14062,-123.40625,-33.375,1601286309284
289.10938,-123.4375,-33.40625,1601286309287
289.10938,-123.4375,-33.40625,1601286309293
289.10938,-123.4375,-33.40625,1601286309296
289.10938,-123.4375,-33.40625,1601286309301
289.09375,-123.46875,-33.4375,1601286309308
289.09375,-123.46875,-33.4375,1601286309311
289.09375,-123.46875,-33.4375,1601286309319
289.09375,-123.46875,-33.4375,1601286309326
289.0625,-123.46875,-33.4375,1601286309329
289.0625,-123.46875,-33.4375,1601286309332
289.0625,-123.46875,-33.4375,1601286309341
289.0625,-123.46875,-33.4375,1601286309343
289.0625,-123.46875,-33.4375,1601286309345
289.01562,-123.453125,-33.421875,1601286309351
289.01562,-123.453125,-33.421875,1601286309359
289.01562,-123.453125,-33.421875,1601286309364
289.01562,-123.453125,-33.421875,1601286309367
288.9375,-123.390625,-33.359375,1601286309374
288.9375,-123.390625,-33.359375,1601286309386
288.9375,-123.390625,-33.359375,1601286309389
288.9375,-123.390625,-33.359375,1601286309393
288.82812,-123.328125,-33.3125,1601286309396
288.82812,-123.328125,-33.3125,1601286309401
288.82812,-123.328125,-33.3125,1601286309404
288.82812,-123.328125,-33.3125,1601286309407
288.73438,-123.296875,-33.265625,1601286309417
288.73438,-123.296875,-33.265625,1601286309418
288.73438,-123.296875,-33.265625,1601286309423
288.73438,-123.296875,-33.265625,1601286309428
288.71875,-123.28125,-33.25,1601286309433
288.71875,-123.28125,-33.25,1601286309437
288.71875,-123.28125,-33.25,1601286309443
288.71875,-123.28125,-33.25,1601286309447
288.75,-123.296875,-33.265625,1601286309451
288.75,-123.296875,-33.265625,1601286309459
288.75,-123.296875,-33.265625,1601286309462
288.75,-123.296875,-33.265625,1601286309469
288.75,-123.28125,-33.25,1601286309477
288.75,-123.28125,-33.25,1601286309478
288.75,-123.28125,-33.25,1601286309483
288.75,-123.28125,-33.25,1601286309488
288.67188,-123.25,-33.21875,1601286309496
288.67188,-123.25,-33.21875,1601286309498
288.67188,-123.25,-33.21875,1601286309503
288.67188,-123.25,-33.21875,1601286309511
288.625,-123.21875,-33.1875,1601286309514
288.625,-123.21875,-33.1875,1601286309517
288.625,-123.21875,-33.1875,1601286309525
288.625,-123.21875,-33.1875,1601286309529
288.67188,-123.21875,-33.1875,1601286309532
288.67188,-123.21875,-33.1875,1601286309537
288.67188,-123.21875,-33.1875,1601286309544
288.67188,-123.21875,-33.1875,1601286309549
288.75,-123.25,-33.21875,1601286309553
288.75,-123.25,-33.21875,1601286309561
288.75,-123.25,-33.21875,1601286309565
288.75,-123.25,-33.21875,1601286309569
288.76562,-123.28125,-33.25,1601286309578
288.76562,-123.28125,-33.25,1601286309580
288.76562,-123.28125,-33.25,1601286309584
288.76562,-123.28125,-33.25,1601286309591
288.65625,-123.265625,-33.25,1601286309593
288.65625,-123.265625,-33.25,1601286309597
288.65625,-123.265625,-33.25,1601286309603
288.65625,-123.265625,-33.25,1601286309610
288.46875,-123.21875,-33.203125,1601286309612
288.46875,-123.21875,-33.203125,1601286309618
288.46875,-123.21875,-33.203125,1601286309625
288.46875,-123.21875,-33.203125,1601286309628
288.32812,-123.1875,-33.15625,1601286309634
288.32812,-123.1875,-33.15625,1601286309644
288.32812,-123.1875,-33.15625,1601286309654
288.32812,-123.1875,-33.15625,1601286309656
288.29688,-123.171875,-33.140625,1601286309658
288.29688,-123.171875,-33.140625,1601286309660
288.29688,-123.171875,-33.140625,1601286309672
288.29688,-123.171875,-33.140625,1601286309676
288.375,-123.1875,-33.171875,1601286309677
288.375,-123.1875,-33.171875,1601286309678
288.375,-123.1875,-33.171875,1601286309683
288.375,-123.1875,-33.171875,1601286309689
288.42188,-123.21875,-33.203125,1601286309691
288.42188,-123.21875,-33.203125,1601286309698
288.42188,-123.21875,-33.203125,1601286309702
288.42188,-123.21875,-33.203125,1601286309709
288.375,-123.234375,-33.203125,1601286309713
288.375,-123.234375,-33.203125,1601286309718
288.375,-123.234375,-33.203125,1601286309727
288.375,-123.234375,-33.203125,1601286309730
288.25,-123.21875,-33.1875,1601286309733
288.25,-123.21875,-33.1875,1601286309740
288.25,-123.21875,-33.1875,1601286309743
288.25,-123.21875,-33.1875,1601286309748
288.20312,-123.203125,-33.171875,1601286309756
288.20312,-123.203125,-33.171875,1601286309758
288.1875,-123.1875,-33.15625,1601286309766
288.1875,-123.1875,-33.15625,1601286309767
288.21875,-123.1875,-33.15625,1601286309774
288.21875,-123.1875,-33.15625,1601286309779
288.21875,-123.1875,-33.15625,1601286309789
288.21875,-123.1875,-33.15625,1601286309791
288.26562,-123.203125,-33.171875,1601286309795
288.26562,-123.203125,-33.171875,1601286309805
288.26562,-123.203125,-33.171875,1601286309808
288.26562,-123.203125,-33.171875,1601286309810
288.26562,-123.203125,-33.171875,1601286309813
288.23438,-123.1875,-33.171875,1601286309818
288.17188,-123.171875,-33.140625,1601286309828
288.17188,-123.171875,-33.140625,1601286309829
288.17188,-123.171875,-33.140625,1601286309834
288.09375,-123.140625,-33.125,1601286309841
288.0,-123.109375,-33.078125,1601286309846
288.0,-123.109375,-33.078125,1601286309849
287.89062,-123.0625,-33.046875,1601286309857
287.89062,-123.0625,-33.046875,1601286309859
287.8125,-123.03125,-33.0,1601286309863
287.8125,-123.03125,-33.0,1601286309868
287.8125,-123.03125,-33.0,1601286309878
287.78125,-122.984375,-32.953125,1601286309879
287.75,-122.953125,-32.921875,1601286309883
287.75,-122.953125,-32.921875,1601286309888
287.75,-122.953125,-32.921875,1601286309892
287.75,-122.921875,-32.890625,1601286309898
287.75,-122.890625,-32.875,1601286309906
287.75,-122.890625,-32.875,1601286309908
287.75,-122.890625,-32.875,1601286309915
287.75,-122.875,-32.859375,1601286309918
287.73438,-122.859375,-32.84375,1601286309922
287.73438,-122.859375,-32.84375,1601286309928
287.73438,-122.859375,-32.84375,1601286309932
287.70312,-122.859375,-32.828125,1601286309941
287.65625,-122.84375,-32.8125,1601286309946
287.65625,-122.84375,-32.8125,1601286309949
287.65625,-122.84375,-32.8125,1601286309959
287.60938,-122.828125,-32.8125,1601286309961
287.5625,-122.828125,-32.796875,1601286309964
287.5625,-122.828125,-32.796875,1601286309969
287.5625,-122.828125,-32.796875,1601286309977
287.51562,-122.8125,-32.796875,1601286309979
287.46875,-122.796875,-32.78125,1601286309985
287.46875,-122.796875,-32.78125,1601286309993
287.46875,-122.796875,-32.78125,1601286309995
287.4375,-122.78125,-32.765625,1601286309998
287.42188,-122.765625,-32.75,1601286310008
287.42188,-122.765625,-32.75,1601286310010
287.42188,-122.765625,-32.75,1601286310014
287.40625,-122.75,-32.734375,1601286310018
287.40625,-122.75,-32.71875,1601286310027
287.40625,-122.75,-32.71875,1601286310029
287.40625,-122.75,-32.71875,1601286310033
287.42188,-122.734375,-32.71875,1601286310040
287.45312,-122.75,-32.71875,1601286310043
287.45312,-122.75,-32.71875,1601286310048
287.45312,-122.75,-32.71875,1601286310055
287.46875,-122.75,-32.734375,1601286310059
287.5,-122.765625,-32.75,1601286310064
287.5,-122.765625,-32.75,1601286310076
287.5,-122.765625,-32.75,1601286310079
287.51562,-122.78125,-32.75,1601286310081
287.5,-122.78125,-32.765625,1601286310084
287.5,-122.78125,-32.765625,1601286310091
287.5,-122.78125,-32.765625,1601286310093
287.48438,-122.78125,-32.765625,1601286310101
287.46875,-122.78125,-32.75,1601286310104
287.46875,-122.78125,-32.75,1601286310113
287.46875,-122.78125,-32.75,1601286310116
287.46875,-122.765625,-32.75,1601286310119
287.46875,-122.765625,-32.75,1601286310127
287.46875,-122.765625,-32.75,1601286310129
287.46875,-122.765625,-32.75,1601286310133
287.51562,-122.765625,-32.75,1601286310139
287.54688,-122.78125,-32.765625,1601286310142
287.54688,-122.78125,-32.765625,1601286310149
287.54688,-122.78125,-32.765625,1601286310154
287.59375,-122.796875,-32.765625,1601286310160
287.625,-122.796875,-32.78125,1601286310165
287.625,-122.796875,-32.78125,1601286310173
287.625,-122.796875,-32.78125,1601286310176
287.65625,-122.8125,-32.796875,1601286310180
287.67188,-122.828125,-32.796875,1601286310190
287.67188,-122.828125,-32.796875,1601286310191
287.67188,-122.828125,-32.796875,1601286310195
287.67188,-122.84375,-32.8125,1601286310199
287.67188,-122.859375,-32.828125,1601286310206
287.67188,-122.859375,-32.828125,1601286310209
287.67188,-122.859375,-32.828125,1601286310214
287.65625,-122.859375,-32.84375,1601286310224
287.67188,-122.875,-32.859375,1601286310227
287.67188,-122.875,-32.859375,1601286310229
287.67188,-122.875,-32.859375,1601286310242
287.6875,-122.875,-32.859375,1601286310243
287.70312,-122.859375,-32.84375,1601286310245
287.70312,-122.859375,-32.84375,1601286310248
287.70312,-122.859375,-32.84375,1601286310254
287.71875,-122.84375,-32.828125,1601286310258
287.73438,-122.828125,-32.796875,1601286310263
287.73438,-122.828125,-32.796875,1601286310270
287.73438,-122.828125,-32.796875,1601286310273
287.70312,-122.796875,-32.78125,1601286310279
287.6875,-122.765625,-32.75,1601286310291
287.6875,-122.765625,-32.75,1601286310293
287.6875,-122.765625,-32.75,1601286310295
287.67188,-122.75,-32.71875,1601286310302
287.65625,-122.734375,-32.71875,1601286310306
287.65625,-122.734375,-32.71875,1601286310315
287.65625,-122.734375,-32.71875,1601286310316
287.625,-122.734375,-32.703125,1601286310321
287.625,-122.71875,-32.703125,1601286310324
287.625,-122.71875,-32.703125,1601286310330
287.64062,-122.734375,-32.703125,1601286310334
287.64062,-122.734375,-32.703125,1601286310339
287.64062,-122.734375,-32.703125,1601286310345
287.64062,-122.734375,-32.703125,1601286310351
287.65625,-122.734375,-32.703125,1601286310354
287.67188,-122.71875,-32.703125,1601286310359
287.67188,-122.71875,-32.703125,1601286310363
287.65625,-122.71875,-32.703125,1601286310368
287.65625,-122.71875,-32.703125,1601286310373
287.67188,-122.703125,-32.6875,1601286310380
287.67188,-122.703125,-32.6875,1601286310386
287.65625,-122.703125,-32.6875,1601286310391
287.65625,-122.703125,-32.6875,1601286310394
287.65625,-122.703125,-32.6875,1601286310406
287.65625,-122.703125,-32.6875,1601286310409
287.65625,-122.703125,-32.6875,1601286310411
287.65625,-122.71875,-32.6875,1601286310416
287.67188,-122.734375,-32.71875,1601286310424
287.67188,-122.734375,-32.71875,1601286310426
287.70312,-122.765625,-32.734375,1601286310431
287.70312,-122.765625,-32.734375,1601286310439
287.70312,-122.765625,-32.734375,1601286310441
287.73438,-122.796875,-32.765625,1601286310444
287.73438,-122.796875,-32.765625,1601286310452
287.79688,-122.828125,-32.796875,1601286310456
287.79688,-122.828125,-32.796875,1601286310461
287.84375,-122.859375,-32.828125,1601286310464
287.84375,-122.859375,-32.828125,1601286310469
287.875,-122.875,-32.859375,1601286310475
287.875,-122.875,-32.859375,1601286310479
287.92188,-122.890625,-32.875,1601286310486
287.92188,-122.890625,-32.875,1601286310489
287.9375,-122.90625,-32.890625,1601286310494
287.9375,-122.90625,-32.890625,1601286310504
287.96875,-122.921875,-32.90625,1601286310507
287.96875,-122.921875,-32.90625,1601286310510
287.98438,-122.9375,-32.90625,1601286310514
287.98438,-122.9375,-32.90625,1601286310521
288.0,-122.9375,-32.90625,1601286310524
288.0,-122.9375,-32.90625,1601286310530
288.03125,-122.953125,-32.921875,1601286310538
288.03125,-122.953125,-32.921875,1601286310539
288.0625,-122.96875,-32.953125,1601286310546
288.0625,-122.96875,-32.953125,1601286310554
288.07812,-122.984375,-32.96875,1601286310555
288.07812,-122.984375,-32.96875,1601286310559
288.10938,-123.0,-32.984375,1601286310564
288.10938,-123.0,-32.984375,1601286310572
288.125,-123.015625,-32.984375,1601286310575
288.125,-123.015625,-32.984375,1601286310580
288.125,-123.015625,-32.984375,1601286310590
288.125,-123.015625,-32.984375,1601286310591
288.10938,-123.0,-32.984375,1601286310595
288.10938,-123.0,-32.984375,1601286310601
288.0625,-122.984375,-32.953125,1601286310604
288.0625,-122.984375,-32.953125,1601286310611
288.01562,-122.953125,-32.921875,1601286310616
287.95312,-122.921875,-32.90625,1601286310625
287.95312,-122.921875,-32.90625,1601286310627
287.95312,-122.921875,-32.90625,1601286310630
287.89062,-122.90625,-32.890625,1601286310639
287.89062,-122.90625,-32.890625,1601286310641
287.85938,-122.90625,-32.875,1601286310646
287.85938,-122.90625,-32.875,1601286310655
287.84375,-122.90625,-32.890625,1601286310657
287.84375,-122.90625,-32.890625,1601286310661
287.875,-122.921875,-32.90625,1601286310664
287.875,-122.921875,-32.90625,1601286310670
287.92188,-122.953125,-32.9375,1601286310675
287.92188,-122.953125,-32.9375,1601286310680
287.98438,-122.984375,-32.953125,1601286310690
287.98438,-122.984375,-32.953125,1601286310691
288.01562,-123.0,-32.984375,1601286310695
288.01562,-123.0,-32.984375,1601286310702
288.04688,-123.015625,-33.0,1601286310706
288.04688,-123.015625,-33.0,1601286310711
288.0625,-123.03125,-33.0,1601286310715
288.0625,-123.03125,-33.0,1601286310721
288.04688,-123.046875,-33.03125,1601286310724
288.04688,-123.046875,-33.03125,1601286310731
288.03125,-123.0625,-33.046875,1601286310739
288.03125,-123.0625,-33.046875,1601286310741
288.01562,-123.078125,-33.0625,1601286310746
288.01562,-123.078125,-33.0625,1601286310752
288.01562,-123.078125,-33.0625,1601286310755
288.01562,-123.109375,-33.078125,1601286310761
288.01562,-123.125,-33.109375,1601286310768
288.01562,-123.125,-33.109375,1601286310771
288.01562,-123.125,-33.109375,1601286310776
288.03125,-123.140625,-33.125,1601286310780
288.07812,-123.15625,-33.140625,1601286310789
288.07812,-123.15625,-33.140625,1601286310791
288.125,-123.171875,-33.15625,1601286310795
288.125,-123.171875,-33.15625,1601286310802
288.17188,-123.1875,-33.171875,1601286310805
288.17188,-123.1875,-33.171875,1601286310811
288.17188,-123.1875,-33.171875,1601286310818
288.20312,-123.203125,-33.1875,1601286310821
288.23438,-123.21875,-33.1875,1601286310825
288.23438,-123.21875,-33.1875,1601286310830
288.23438,-123.21875,-33.1875,1601286310836
288.21875,-123.21875,-33.203125,1601286310841
288.23438,-123.21875,-33.203125,1601286310847
288.23438,-123.21875,-33.203125,1601286310855
288.23438,-123.21875,-33.203125,1601286310857
288.21875,-123.234375,-33.21875,1601286310861
288.20312,-123.25,-33.234375,1601286310870
288.20312,-123.25,-33.234375,1601286310872
288.20312,-123.25,-33.234375,1601286310877
288.1875,-123.265625,-33.25,1601286310887
288.20312,-123.296875,-33.265625,1601286310890
288.20312,-123.296875,-33.265625,1601286310892
288.20312,-123.296875,-33.265625,1601286310896
288.20312,-123.3125,-33.296875,1601286310902
288.23438,-123.328125,-33.296875,1601286310906
288.23438,-123.328125,-33.296875,1601286310911
288.23438,-123.328125,-33.296875,1601286310921
288.26562,-123.328125,-33.3125,1601286310923
288.28125,-123.34375,-33.328125,1601286310927
288.28125,-123.34375,-33.328125,1601286310936
288.28125,-123.34375,-33.328125,1601286310938
288.29688,-123.34375,-33.328125,1601286310942
288.29688,-123.34375,-33.328125,1601286310948
288.29688,-123.34375,-33.328125,1601286310956
288.29688,-123.34375,-33.328125,1601286310957
288.28125,-123.34375,-33.328125,1601286310962
288.23438,-123.34375,-33.328125,1601286310970
288.23438,-123.34375,-33.328125,1601286310971
288.23438,-123.34375,-33.328125,1601286310976
288.1875,-123.34375,-33.328125,1601286310983
288.15625,-123.34375,-33.328125,1601286310987
288.15625,-123.34375,-33.328125,1601286310992
288.15625,-123.34375,-33.328125,1601286310997
288.10938,-123.328125,-33.328125,1601286311007
288.10938,-123.328125,-33.328125,1601286311009
288.10938,-123.328125,-33.328125,1601286311011
288.10938,-123.328125,-33.328125,1601286311018
288.09375,-123.328125,-33.3125,1601286311022
288.09375,-123.328125,-33.3125,1601286311026
288.09375,-123.328125,-33.3125,1601286311032
288.09375,-123.328125,-33.3125,1601286311037
288.07812,-123.296875,-33.28125,1601286311042
288.07812,-123.296875,-33.28125,1601286311049
288.07812,-123.296875,-33.28125,1601286311056
288.07812,-123.296875,-33.28125,1601286311057
288.0625,-123.265625,-33.25,1601286311062
288.0625,-123.265625,-33.25,1601286311066
288.0625,-123.265625,-33.25,1601286311072
288.0625,-123.265625,-33.25,1601286311079
288.03125,-123.25,-33.21875,1601286311088
288.03125,-123.25,-33.21875,1601286311091
288.03125,-123.25,-33.21875,1601286311092
288.03125,-123.25,-33.21875,1601286311096
287.98438,-123.21875,-33.203125,1601286311102
287.98438,-123.21875,-33.203125,1601286311106
287.98438,-123.21875,-33.203125,1601286311110
287.98438,-123.21875,-33.203125,1601286311117
287.9375,-123.21875,-33.1875,1601286311122
287.9375,-123.21875,-33.1875,1601286311126
287.9375,-123.21875,-33.1875,1601286311133
287.9375,-123.21875,-33.1875,1601286311137
287.9375,-123.203125,-33.1875,1601286311146
287.9375,-123.203125,-33.1875,1601286311149
287.9375,-123.203125,-33.1875,1601286311157
287.9375,-123.203125,-33.1875,1601286311162
287.98438,-123.203125,-33.1875,1601286311164
287.98438,-123.203125,-33.1875,1601286311167
287.98438,-123.203125,-33.1875,1601286311175
287.98438,-123.203125,-33.1875,1601286311180
288.01562,-123.234375,-33.21875,1601286311184
288.01562,-123.25,-33.234375,1601286311188
288.01562,-123.25,-33.234375,1601286311198
288.01562,-123.25,-33.234375,1601286311200
288.0,-123.265625,-33.25,1601286311202
288.0,-123.265625,-33.25,1601286311206
288.0,-123.265625,-33.25,1601286311211
288.0,-123.265625,-33.25,1601286311217
287.95312,-123.3125,-33.296875,1601286311224
287.95312,-123.3125,-33.296875,1601286311226
287.95312,-123.3125,-33.296875,1601286311239
287.95312,-123.3125,-33.296875,1601286311241
287.9375,-123.34375,-33.328125,1601286311244
287.9375,-123.34375,-33.328125,1601286311252
287.9375,-123.34375,-33.328125,1601286311254
287.9375,-123.34375,-33.328125,1601286311256
287.95312,-123.359375,-33.34375,1601286311265
287.95312,-123.359375,-33.34375,1601286311267
287.95312,-123.359375,-33.34375,1601286311271
288.03125,-123.40625,-33.390625,1601286311277
288.07812,-123.421875,-33.40625,1601286311282
288.07812,-123.421875,-33.40625,1601286311286
288.10938,-123.421875,-33.40625,1601286311291
288.10938,-123.421875,-33.40625,1601286311300
288.10938,-123.4375,-33.421875,1601286311305
288.10938,-123.4375,-33.421875,1601286311307
288.07812,-123.4375,-33.421875,1601286311312
288.07812,-123.4375,-33.421875,1601286311318
288.03125,-123.421875,-33.40625,1601286311322
288.03125,-123.421875,-33.40625,1601286311326
288.03125,-123.421875,-33.40625,1601286311332
287.95312,-123.40625,-33.390625,1601286311336
287.89062,-123.390625,-33.375,1601286311344
287.89062,-123.390625,-33.375,1601286311353
287.82812,-123.359375,-33.359375,1601286311355
287.82812,-123.359375,-33.359375,1601286311357
287.78125,-123.34375,-33.328125,1601286311363
287.78125,-123.34375,-33.328125,1601286311371
287.78125,-123.34375,-33.328125,1601286311373
287.76562,-123.328125,-33.3125,1601286311378
287.78125,-123.3125,-33.296875,1601286311388
287.78125,-123.3125,-33.296875,1601286311390
287.78125,-123.3125,-33.296875,1601286311393
287.8125,-123.296875,-33.296875,1601286311401
287.8125,-123.296875,-33.28125,1601286311404
287.8125,-123.296875,-33.28125,1601286311408
287.8125,-123.296875,-33.28125,1601286311416
287.82812,-123.296875,-33.28125,1601286311418
287.82812,-123.28125,-33.265625,1601286311422
287.82812,-123.28125,-33.265625,1601286311428
287.82812,-123.28125,-33.265625,1601286311435
287.8125,-123.28125,-33.265625,1601286311438
287.76562,-123.28125,-33.265625,1601286311442
287.76562,-123.28125,-33.265625,1601286311449
287.76562,-123.28125,-33.265625,1601286311452
287.71875,-123.28125,-33.265625,1601286311456
287.70312,-123.28125,-33.28125,1601286311463
287.70312,-123.28125,-33.28125,1601286311473
287.70312,-123.28125,-33.28125,1601286311475
287.70312,-123.296875,-33.28125,1601286311479
287.71875,-123.3125,-33.296875,1601286311483
287.71875,-123.3125,-33.296875,1601286311492
287.71875,-123.3125,-33.296875,1601286311494
287.78125,-123.328125,-33.3125,1601286311500
287.82812,-123.34375,-33.34375,1601286311502
287.82812,-123.34375,-33.34375,1601286311507
287.82812,-123.34375,-33.34375,1601286311518
287.875,-123.375,-33.359375,1601286311520
287.89062,-123.390625,-33.375,1601286311523
287.89062,-123.390625,-33.375,1601286311532
287.89062,-123.390625,-33.375,1601286311533
287.90625,-123.40625,-33.390625,1601286311537
287.89062,-123.40625,-33.40625,1601286311542
287.89062,-123.40625,-33.40625,1601286311547
287.89062,-123.40625,-33.40625,1601286311552
287.85938,-123.421875,-33.40625,1601286311557
287.84375,-123.4375,-33.421875,1601286311564
287.84375,-123.4375,-33.421875,1601286311567
287.84375,-123.4375,-33.421875,1601286311572
287.82812,-123.453125,-33.4375,1601286311577
287.85938,-123.46875,-33.453125,1601286311586
287.85938,-123.46875,-33.453125,1601286311589
287.85938,-123.46875,-33.453125,1601286311595
287.89062,-123.5,-33.484375,1601286311603
287.92188,-123.515625,-33.5,1601286311607
287.92188,-123.515625,-33.5,1601286311609
287.92188,-123.515625,-33.5,1601286311615
287.96875,-123.515625,-33.5,1601286311618
287.98438,-123.515625,-33.5,1601286311622
287.98438,-123.515625,-33.5,1601286311631
287.98438,-123.515625,-33.5,1601286311633
287.98438,-123.5,-33.484375,1601286311641
287.95312,-123.46875,-33.453125,1601286311645
287.95312,-123.46875,-33.453125,1601286311655
287.95312,-123.46875,-33.453125,1601286311657
287.90625,-123.421875,-33.40625,1601286311658
